English/CKTAUS_electronics1.en,1.1668216841443425E-4 0.0042687781333737825 0.0035331987808936414 1.231903361432511E-4 4.277767740902591E-5 0.12685966610873403 0.03639659359633722 0.018779927808895813 4.4936184726333024E-5 4.240105813148452E-4 1.1900267808259491E-4 0.02677876571696239 1.0525250464550454E-4 0.12357559025861936 9.133059046214659E-5 2.4639045318945583E-4 0.055516891984926944 1.4353028050018477E-4 0.5014228479487561 0.0069134293604940595 4.469706501447411E-4 0.04729118874936361 0.0017046231185082461 0.005470974525637073 0.0381504884910957 4.634559922585237E-5 9.935680433164542E-4 1.4210512490584132E-4 1.2691238570551792E-4 1.240301592084325E-4 
English/CKTAUS_finance10.en,0.008177372318276525 0.008252819699284944 0.20577928739116805 5.31542315159786E-4 0.0033822960256457793 0.1391615460891357 0.007832939856103442 8.893012639748477E-4 1.2607369572874997E-5 3.3426961356293266E-5 2.4695302737108433E-5 0.0206100985220003 0.003425181444589973 0.09858347866418131 0.009731601519474612 0.0030466384799563936 0.004388188116839372 0.007242304602214471 0.10099319342462865 0.0021714297152099797 0.005754955821197621 0.008718662278494509 0.07793395612867994 0.26472816984756564 2.2718889974579518E-5 1.3747105606157637E-4 0.011757696185323673 1.0522386485965348E-4 0.006379570067514245 1.9162677881073858E-4 
English/CKTAUS_finance11.en,0.009354393507526123 0.010679794139438675 0.2075578524961951 0.001049137034215477 0.004587049362461709 0.14164543213596908 0.006411440004535039 0.004086278696159502 2.0593001194111173E-5 2.4360643216341318E-5 3.354124317702345E-5 0.01753971729868919 1.8037503912072918E-4 0.10202536160376395 0.0098138265468943 0.002565146562099505 0.008371927795643842 0.008477758566215455 0.09424510421969433 0.0030555352059087435 0.008281185932422715 0.008615874949402382 0.07675905244264958 0.2533135218507925 6.387389285479007E-4 1.604600991890317E-5 0.010724942070412462 4.221363050492789E-5 0.008075296109312855 0.0018085029739086998 
English/CKTAUS_finance12.en,0.009948274069330364 0.006882754334264199 0.20870000552213358 0.0027472806742734465 0.005660791900000906 0.1388401987664266 0.008233959442801574 0.004543283623780649 1.579532238659326E-5 2.4693268026695618E-5 8.797636350975108E-5 0.015884627530493547 0.0025779705252855297 0.10254945514354258 0.011808644046033052 0.0049662886273897965 0.006217901336047821 0.006373534867389863 0.09518765832642855 0.0025972809641499842 0.00639894215437428 0.008636916289734276 0.07477828993582789 0.25873555417247823 3.949219573141261E-5 2.4381524542388535E-5 0.008106404062426483 1.0514658033299576E-4 0.0073418908267879205 0.0019846076040612053 
English/CKTAUS_finance13.en,0.009334849353143703 0.009209439356367722 0.20412737648312038 0.002281674781520696 0.005176847334458607 0.13848201940818158 0.0063255875971701585 0.002060460700955404 1.5440342881316982E-5 3.1782437941489166E-5 3.7690041394969874E-4 0.020415205937638438 0.0031116038588813676 0.10282892534771232 0.011888094710326242 0.0047251523392695255 0.006609003636824486 0.006773455030712544 0.10057832059382957 7.510358592424571E-4 0.006904459644957478 0.009642514784978249 0.07413437179179315 0.2538958560686034 4.2250931652092883E-4 6.630091052495589E-5 0.010659119090562085 5.966785863937976E-4 0.006948417064873963 0.0016265972166573262 
English/CKTAUS_finance14.en,0.010273459176474818 0.007897699509240937 0.20277347260997172 0.0013338605132576975 0.006483589292407937 0.13717891975618307 0.006978027704675075 0.002420638289905499 3.1485390477089005E-5 2.3108063076956113E-5 4.5283590105116423E-5 0.01863063746999756 0.004052537625558502 0.10316811014709482 0.012726882114345812 0.003972923189409464 0.006591907557149961 0.00839336759180023 0.09803846662994808 0.0023372145647334343 0.006744156023838676 0.0093397221744122 0.07350451854870572 0.253513340680413 3.218596196951529E-4 4.7264527083881146E-5 0.010270594655426908 7.641050131017704E-5 0.010287427693124957 0.0025431147901679206 
English/CKTAUS_finance15.en,0.014073857634247715 0.008745853210194653 0.20940430734916948 0.004242723883177733 0.005882483047589379 0.1352968445933034 0.008483977317785213 7.413574174123873E-4 1.8495228995233666E-5 1.7832223209384527E-5 2.3033003121019575E-4 0.014918965631615136 0.001769721234568867 0.10287457619879278 0.01173402171993004 0.0024379996259370437 0.007313074892508332 0.005871835207526737 0.09388041729559908 0.001179581490583643 0.007494160197321586 0.010828964080688827 0.07348329542138031 0.2556829757438555 2.8726672214411035E-4 1.664562133508747E-5 0.009970466414383927 1.0218649602768448E-4 0.011093161175873063 0.0019226228936253093 
English/CKTAUS_finance16.en,0.012572367606460057 0.010425096155168389 0.20722435308122036 1.8325297790831976E-4 0.0060098694419439816 0.13562604241988646 0.009563279396146429 0.002207173341750501 6.595289037880048E-5 2.4932100827813466E-5 1.9936418651547152E-4 0.017303735582816438 0.0025612339420506224 0.10553009868547752 0.011196910199908245 0.004442337789551723 0.0060850397882731095 0.007181742401566394 0.10039337158126414 0.0025522196446384525 0.006854291385782456 0.009539390566920766 0.07225474145260961 0.24932812514087482 5.391059741896894E-5 2.242414936203918E-5 0.01033238343686808 4.212232608783713E-5 0.0074058832330229155 0.0028183544972909267 
English/CKTAUS_finance17.en,0.011850375201954538 0.011299117236838511 0.20419572446407983 0.002766665688355381 0.0065699075092836125 0.14025853360541035 0.008204869306871762 0.001815190928805578 1.98517234140499E-5 3.975629070091848E-5 5.1603994930632165E-5 0.016179936707025742 0.0015681825408501739 0.10066778069213028 0.013878558928103635 0.00512994575851528 0.006236479564119457 0.0048195869443152925 0.10432156090447561 0.0012450651478417656 0.0064179293574178 0.009404129806180982 0.07302177672846999 0.25053197195019966 4.3160978452214897E-4 1.2423754174914066E-4 0.009009670551562762 6.724402979631445E-5 0.008418385905634396 0.00145435120643708 
English/CKTAUS_finance18.en,0.010544313696177587 0.007223338506534901 0.20823811369308975 0.004220199133631774 0.006023477477298234 0.13991015333470522 0.00854209960674974 0.0013838422209135556 2.0353609531349208E-5 5.3806838057871966E-5 6.208454360296655E-5 0.01782722741399987 0.002035881397763456 0.10319643565607245 0.011627800565786186 0.0032150151408344083 0.006042995102594463 0.008269620459565332 0.09325426580618264 0.0032646569118522594 0.006549213695848322 0.008349136497643652 0.0738372458313351 0.25419767948035343 1.1360083448107676E-4 1.8149809714094767E-5 0.01171874206557568 1.140744733241565E-4 0.007934165485314459 0.002212310711459373 
English/CKTAUS_finance19.en,0.012651500540031653 0.011483711265125976 0.20314051708649983 0.003129027205198718 0.0036616466783432554 0.1353856697680359 0.006195308034969478 0.003517300429689065 3.22927415908452E-5 4.6452480077673885E-5 1.5016210014455423E-5 0.021287979592181306 0.002171672714123324 0.09580700903023173 0.010343781958024276 0.004536384241115838 0.006629796362217262 0.007744693281564147 0.0997127590612731 0.002761824197123321 0.0064782779519302084 0.012682997115195964 0.07302792631343856 0.25544129352967465 6.50879178216585E-5 7.744445236491716E-5 0.01105176445423787 1.2773180763579842E-4 0.008818039129764447 0.001975094450497856 
English/CKTAUS_finance1.en,0.011254736576598453 0.011254156771962955 0.1999973188544589 0.004683572162422189 0.005260744352792903 0.13722165058760624 0.006973557871877948 0.003483138840492353 2.9384497386025957E-5 3.358309385296008E-5 1.2623261489754775E-5 0.01693805913014163 0.0022623735481815043 0.11002776568698676 0.009500411458704047 0.005298990692021778 0.00782703117824357 0.0043895532395433695 0.09987990866650512 0.0027408144515074177 0.00883121761099155 0.010303777144979834 0.06955630551109848 0.2544045957317022 9.959138686605184E-5 1.732394000482495E-5 0.00888536934477497 1.859961146424664E-4 0.006106792455897164 0.0025396558362579254 
English/CKTAUS_finance20.en,0.012964780377105913 0.010083415437187727 0.20803406119216056 0.0020592251376581184 0.007234787322706359 0.13743892505519867 0.0072417185923057065 0.002772425474262627 1.9218966044738502E-5 3.329218459863172E-5 1.514300223079733E-4 0.018711854404620643 0.0028426931696312885 0.09656869909647958 0.012724861748372708 0.006502725305498156 0.006086788793170985 0.007548739279068248 0.09475694014687362 0.005056453086263243 0.0065208041704791705 0.00739489552604407 0.073805008757825 0.2547080059274343 1.4033733695907824E-4 1.538629975930028E-4 0.009261781655066283 1.0746328050480307E-4 0.008101585568094526 9.732199884764676E-4 
English/CKTAUS_finance21.en,0.01127661757592109 0.009208646340458164 0.21025606242842318 0.00318926817593743 0.006649979140677544 0.1363007377281029 0.008669408772954863 0.004116773668226599 3.313946842481629E-5 1.3316064692524905E-4 7.090144258559813E-5 0.01565325769186632 3.2003019633357907E-4 0.09462988057902044 0.010167626246710694 0.005407806798467362 0.007581458422360458 0.0052648288297151 0.09759236281968564 0.0031707300119103825 0.006682578499582087 0.008100309184113117 0.07345947122568497 0.25863903011961176 2.805545089311939E-4 3.089641351641966E-5 0.011855940527304237 1.9290271616736725E-5 0.009072356089777743 0.0021668961751469934 
English/CKTAUS_finance2.en,0.0124442920645767 0.008116515379417783 0.21725811585892268 0.0025849976879030387 0.0041779323391404385 0.13001222954544836 0.006925823486377773 0.0029014084457576147 5.5955697057227215E-5 3.0562794703007695E-5 1.5671953848251006E-4 0.015917438213308547 0.0016053720854185972 0.10260750405159982 0.012104952305906296 0.0022672769165461206 0.006715346569776869 0.007055735314066917 0.10135099501270134 7.038626397635754E-4 0.00795973404292796 0.007992226627991704 0.07048685710985612 0.25819553782048954 3.268786291243749E-5 2.6485399050043153E-5 0.008570358265869752 1.649111618312168E-4 0.009192282110572918 0.0023858836516166197 
English/CKTAUS_finance3.en,0.009901135667854517 0.011358978534474463 0.20763859494829143 0.0029032476726589705 0.004404886720492324 0.13663970920619542 0.0074621594807779855 0.0030928742419863414 1.9722989234372127E-5 5.080515815627352E-5 1.632807479804086E-4 0.01625200529682601 0.003294712902183704 0.10084070276837925 0.010808298453224353 0.002047846740789154 0.005670397153730261 0.006315786795304388 0.10068259308800503 0.0027979002051164398 0.007259138292131942 0.009601311330120127 0.07279408014477548 0.25312870390591674 0.0012400871086953203 3.092588616228319E-5 0.013465560300894186 3.770085541795819E-4 0.008039440479432586 0.001718105226022739 
English/CKTAUS_finance4.en,0.010560253611934205 0.009079375340628248 0.20970860935202654 0.0010818237819774773 0.0056935147116277925 0.13839320810784395 0.00742561039599401 0.0018380540534386827 1.3832052156201456E-5 3.2418992758167306E-5 3.013931566788766E-5 0.018578033572202158 0.003847654149344059 0.10345624920097331 0.01270966842634661 0.005747961457323668 0.008400822848185462 0.006582481314022906 0.09967333014935735 0.0015878276879538642 0.010237959069680364 0.009791016129641098 0.06970834666103759 0.2463076555717589 7.177359538514111E-5 3.296718472322314E-5 0.010072652971781363 2.7798053980724676E-5 0.007659695019349285 0.0016492672208923984 
English/CKTAUS_finance5.en,0.012255051543479254 0.009688541698085803 0.20762962882658645 0.001725705682725911 0.004540305365132254 0.13600957591101548 0.008809742519981756 0.002401242081131231 9.415744198895758E-6 3.320195146897788E-5 4.316889188502322E-5 0.019558108828213884 0.004424858371280456 0.10278175318484294 0.012729354995159845 0.004371166301078887 0.005463162634193575 0.007176009222734575 0.09537841162014411 0.002653765625831945 0.007522804543653235 0.007869581200888317 0.07129936861110968 0.2573806668451757 3.449256807782013E-5 2.1529185916984695E-5 0.009740608492685867 1.1383073560939833E-5 0.006592737805095229 0.0018446566746583466 
English/CKTAUS_finance6.en,0.0117372765794921 0.008809847437034614 0.2064233222522628 0.0015890565869978058 0.005143838124437754 0.1369163002459818 0.009543176726455391 0.0029608238290505496 1.4362292940348527E-5 2.877771642650453E-5 4.284243339780786E-5 0.01864864184578232 0.0032467855299060737 0.10577253621330333 0.011436004003472203 0.004018545180765319 0.005097499082001756 0.005915644561270165 0.09999776166056153 0.001258708276194264 0.009673675709931825 0.008987571173193936 0.07538723954655158 0.24820344034961633 6.583267429753753E-5 1.6107755181611546E-4 0.01188251158453282 4.392868147763095E-5 0.005894974847464079 0.0010979973033760917 
English/CKTAUS_finance7.en,0.012397526140839634 0.00979344408129601 0.20663678239404623 0.0016601679009233116 0.0062085538568673534 0.14155605931513748 0.0073118570614447275 0.0027168165751899095 1.2038355405218148E-5 4.4505626418906894E-5 8.257026297850798E-5 0.01921792616435635 0.003228429109506202 0.09718991337380456 0.011694645331702648 0.004439773671497833 0.005150830236720174 0.006711435618958132 0.09652571722940989 0.0014915206876149987 0.006633955259742121 0.009742411460734679 0.07521869146056545 0.25571000134666083 2.2028063642829144E-4 3.1041163079291366E-5 0.008734983223150406 1.741755749933845E-5 0.00795355156787112 0.001667153330143513 
English/CKTAUS_finance8.en,0.009708018217451328 0.009470358141812418 0.21439604011380026 7.791546322088366E-4 0.004579379238710482 0.1384150632175736 0.006302838722232864 0.0011698742385159676 1.0698604644531964E-5 3.115296683330529E-5 2.5949682121840588E-5 0.01663075363963227 0.0025272019852627813 0.0969435117122364 0.012440771691512904 0.005765073892456091 0.00910145766832558 0.007357004366610918 0.09686941998698927 0.0023130665034763543 0.008732179546155187 0.008553901154429985 0.07583226510742636 0.24995518253599064 4.763432667091516E-5 1.734942767617628E-5 0.010397539911871638 1.5822493286897488E-4 0.00826999208148717 0.0031989417530082624 
English/CKTAUS_finance9.en,0.011982071009336636 0.008766302445049286 0.20571506026396238 8.375850026466426E-4 0.00447988300718982 0.13920426071900874 0.008028552128422935 0.0031654581629293375 2.0541918269189178E-5 2.839264788416503E-5 5.501277612117588E-5 0.018452631464721883 0.002314261908422569 0.10011614342483144 0.0119600916366556 0.003720946171954034 0.007222040720531661 0.005248583443205733 0.09642108555646492 0.0027277704911814115 0.006622124922814794 0.00964297133932094 0.07859068614527974 0.2561629246052681 4.11637124208873E-5 2.893740276494005E-5 0.01074438030578628 2.1251960069783483E-5 0.005283412608981727 0.0023954720984962637 
English/CKTAUS_hardware1.en,0.010529994416006183 0.028050553242224153 0.13615862322678035 0.005462301183652332 0.005444031835429748 0.12661844816158455 0.020382333433169027 0.009463502224957428 3.453537674301146E-5 9.784097814877602E-5 1.0187953126008159E-4 0.006298155174811301 1.256091912756104E-4 0.07747956560786806 0.017109563982667723 0.010088706343208758 0.038873908078666315 0.0027640953186949557 0.21570225526585418 8.320502005929722E-4 0.004857135532385266 0.01345452272663178 0.061431639668092265 0.15950263461308495 0.021466823691078805 4.2194008539083935E-4 0.00919445222514097 4.119263725377682E-4 0.012421561483425433 0.005219410828630386 
English/CKTAUS_industrial1.en,2.642565114155917E-4 0.017191501439977473 0.1312692322481165 0.006557445044836254 0.005613995368047965 0.107790981168546 0.002815716538617471 0.0069400620276071825 0.001270762424205672 5.370248653663273E-5 1.2445891414150566E-4 0.0010492008771409629 9.056772887598328E-5 0.09055936322703118 0.0158430784051102 0.00556913956048097 0.03570475582364001 1.7972995124574778E-4 0.3493879454506548 0.016125379880285135 0.0021887170163082483 0.06081938198319281 0.03403511065143985 0.059222391829405904 0.030739991182434492 0.0025193345509573937 0.004463638403107135 0.005692482404393656 8.705612792020301E-5 0.0058306207743213795 
English/CKTAUS_industrial2.en,0.0016543077951639551 0.011526802416718341 0.13014027003475487 0.009779386323025201 0.005999314568598125 0.11215311698239913 1.7053098129635253E-4 0.006438197297565135 9.098920816866666E-4 3.732277244804478E-5 4.51547613503552E-4 3.253803740074429E-4 9.218634770468244E-5 0.0884553665567101 0.01998723074218924 0.005984713810735179 0.02804216835750229 4.722182695291416E-4 0.3527617021021545 0.020165057205368198 7.834043563877223E-4 0.05931486371485471 0.035536185578629684 0.063276291482596 0.031174931213662223 0.0024554821272945947 6.669458328727947E-4 0.007280383986339438 7.905362919965913E-5 0.0038857454450973053 
English/CKTAUS_industrial3.en,3.4012214493673947E-4 0.011950997065706764 0.12914273234499626 0.009842426027471486 0.004417406761897655 0.11253635693257637 0.003238723476701647 0.0065926302145630136 0.0018794414181546764 6.594800826869305E-5 1.1105709762723161E-4 1.4021576110761092E-4 7.030073345754208E-5 0.09558425004170418 0.016611556208532045 0.006806142073920559 0.02725589489908097 5.338693080972853E-4 0.3493873852412962 0.022278723951832707 2.4408869519358493E-4 0.05778090334566581 0.031139498756676147 0.06429812966070886 0.03103402087419096 0.0010527780762363901 0.002057345416105089 0.007335537087284074 4.110847965304305E-5 0.006230409896350868 
English/CKTAUS_industrial4.en,0.0017294993137144663 0.010397215815112156 0.13086743110409707 0.007574890097335389 0.006278458775000917 0.11475576210431646 1.9492538741268535E-4 0.008858001463878648 1.3138081370419295E-4 4.849177532818865E-5 2.7758556990394354E-4 9.164507476122572E-4 2.3301847809483386E-4 0.08326932372406826 0.014965446951898649 0.006342632676990199 0.032977349103375436 0.001090378953280861 0.3495751956214781 0.019405527174285488 0.003222318943609752 0.05543641892183381 0.03994223280676294 0.06366857431463249 0.03711417811997189 2.759808431130038E-4 0.0024554038564091234 0.003992749818773283 5.771101683558789E-5 0.003945465707163656 
English/CKTAUS_industrial5.en,4.6066441864796905E-4 0.015861102037530408 0.11237274722494188 0.008532848482102758 0.008846379001637166 0.11823624566294703 0.0036164826912584557 0.010228300634464317 6.946892532203741E-5 4.470239812718974E-5 6.273426516067995E-5 0.011550575973773451 4.581374285505019E-4 0.07907745117498946 0.01078493696467878 0.009308334458524081 0.026459716861102635 2.0579149599928012E-4 0.36103637577295544 0.018340885501606546 0.0025220488684785337 0.04591087483865738 0.04173672662842125 0.06615470563839221 0.037722108947977 1.4861248768595082E-4 5.807378038908628E-4 0.007257892696723629 5.846143586480959E-5 0.0023539492795822295 
English/CKTAUS_legal10.en,0.005821505355691491 0.018695105879658083 0.15919474543605006 0.007171075754880055 6.380686870817194E-4 0.13267778340750372 0.02386114048137763 0.002684095457614711 0.0026383330758012794 2.0172853851039164E-4 1.655335101614932E-5 0.005825064590347814 9.608352683195215E-5 0.1299448211482713 0.012172583615824347 0.006764024302774398 0.0035898676838755587 0.004453167222574816 0.09159429178766941 0.012476303244652265 0.01656667848133701 0.027596365639009125 0.07351962047128419 0.20561843302924598 0.005235902491593249 0.0021027720322191854 0.047556274179983725 4.0904962218063616E-5 7.254252986980947E-4 5.212808663920341E-4 
English/CKTAUS_legal11.en,0.0036857335874424827 0.008879926415238031 0.16657730036800564 7.893525232352914E-4 0.002277214637556237 0.13314064945764142 0.010970358552868417 8.70144391777122E-4 1.285431244707821E-5 9.173884991059651E-5 1.979309277251862E-5 0.012172795502677582 0.0034571272592214502 0.11567880509437105 0.01670632559917205 0.01247508744110786 0.00462946264176409 0.0037224383245680996 0.11512173532457534 0.004960313312656752 0.012420588005642117 0.01563041771817243 0.10172822115288759 0.21157467950912517 7.952248192097179E-4 4.280985160703309E-5 0.038470623768906434 7.547974729629056E-5 5.603309620083172E-4 0.0024624677761226573 
English/CKTAUS_legal12.en,0.001257156604764077 0.013146166100540212 0.17818272683139633 4.55734472160374E-5 3.019479952583641E-4 0.12636269077819492 0.010191639972149048 0.0038257031200486474 3.23609269461171E-5 1.2064632453533018E-4 2.3981899441243656E-5 0.011018487765681052 0.010323585785045246 0.11076837227341765 0.008761034254929573 0.009480970501508756 0.0018542456023597639 0.003642865741915593 0.11529508923022373 0.0011123028635875527 0.012574836430309131 0.020162880612436634 0.1011429807144875 0.2092399369711628 0.002237525124342674 6.325824316215207E-5 0.0407258432195953 0.001127833336387439 6.244427025561055E-4 0.006352914626388151 
English/CKTAUS_legal13.en,0.007061160366298285 0.021927825652355168 0.15131880703387796 0.00649955029592268 0.009647538582478783 0.14296746376855904 0.019526174666391092 0.0027686598588656697 0.001234460534401194 1.4484358764636462E-4 1.1934582804767008E-4 0.019107786228271074 8.400138082700674E-5 0.10094347182512883 0.021169539721256195 0.015262287053688258 0.00740182335230539 0.0016695232073457562 0.14033343745847277 0.004767640400380138 0.010987100095473469 0.009772652854077234 0.06614247574208917 0.19144323338142005 0.008387814604179767 1.3867945769576758E-4 0.029613237216429975 1.3245341263613212E-5 0.0016384609902287094 0.007907759514610046 
English/CKTAUS_legal14.en,0.014215556157124849 0.019588458518829014 0.16070492699870992 0.004811011400442074 0.006945196328548905 0.12103556464321455 0.010528860165591134 0.0019501598989447209 9.296941210253472E-5 2.2034405968676077E-4 3.1022344218891206E-5 0.013288913293325036 3.7374503956553E-5 0.10314604594447507 0.01030379454420144 0.019350924272776262 0.0064111831983740585 0.005503065643111552 0.10055700468381311 0.0023817838400214133 0.013163365907933069 0.016685258989172932 0.09230197245648922 0.22966572459542636 0.00614397084115911 1.633558510465226E-5 0.03314894860621704 3.01327176641332E-5 0.0030499064947795062 0.00469022395457359 
English/CKTAUS_legal15.en,0.0037952662101886745 0.021578251107921328 0.138097992438083 6.298635808214152E-4 0.004012407046382494 0.11158311317570216 0.020339097573631042 0.004152504049623968 8.51005239644893E-6 2.322889960321612E-5 3.671043758342298E-5 0.03274646325833791 8.135136514829692E-5 0.1127321798677244 0.021330120585404157 0.014717523419169673 0.007621332535418294 0.00588673624643931 0.14267465495175136 0.005947270809028471 0.011211949777945191 0.018036654984994772 0.0753439559567243 0.22291264415124212 0.0022859321691537267 2.0275781003983414E-5 0.01813110543261083 0.001247187827546844 0.00275187082809358 6.384548031700478E-5 
English/CKTAUS_legal16.en,0.0033623923393786273 0.012543890357215355 0.13972550970542685 0.0019823073651416535 9.310373347001809E-4 0.0967272232268504 0.010227665547840553 0.003543441884240951 0.0016587658310482849 3.467330589690656E-4 8.578488571156059E-5 0.02986527590578726 0.003376101059747203 0.09078129447126272 0.02348190332065556 0.019597139418656286 0.003628389999473532 3.4211624038828393E-4 0.1440356294963019 0.003688617829173043 0.033284842314391785 0.014098442488014078 0.07869110533695695 0.2141902561593486 0.007581409637673353 1.431482070186245E-5 0.033172746135832515 1.025838299660177E-4 0.026707706513753638 0.002225373485381233 
English/CKTAUS_legal17.en,0.012539501059512428 0.01620213232858076 0.12622665772492347 0.0036866483163731194 2.682198693189553E-4 0.1199366668899829 0.01033230848523846 0.0048590205133122654 2.237781931574988E-4 1.315390759763696E-4 2.0721522395780013E-4 0.027236372021635757 0.0012124727001964943 0.10874273613940008 0.023346939928782 0.012944780102217182 0.0019539864397990453 0.001041100319897143 0.13627886930462393 0.0027358347480222994 0.025394975943504792 0.016510276242447542 0.07099271755655294 0.21111817388897097 0.00553669489795524 1.6494859490494556E-4 0.02348152641057244 8.371800481662687E-4 0.03408931847479245 0.0017674085572117037 
English/CKTAUS_legal18.en,0.0038685719830319747 0.010437117496188022 0.15582551357318486 0.0014434053628359373 0.0025582526644511243 0.131600505077328 0.017631023315619755 0.004064963634118339 8.085407527919078E-6 8.889285232920234E-5 1.420999632983114E-5 0.01808263701436414 0.009090081403052709 0.11564170527736736 0.006870297259697341 0.004764446709735885 0.003102012699327893 0.005883407976168856 0.10488613303528965 0.0011055738498206241 0.014852116268753136 0.019043575110297924 0.08444833048511763 0.2126340087963814 0.0026694463208789456 4.4773550830595024E-5 0.03116451242119869 2.352420432358978E-4 0.031538185006496966 0.006402973409027779 
English/CKTAUS_legal19.en,0.007150169197841754 0.02339825947765551 0.16457477179182375 0.0045347810092261675 0.010652130608882707 0.12132929109837386 0.022373956189793882 0.001969526398873306 9.151622999836789E-6 2.683933314881893E-5 9.72419569700465E-6 0.020040232641481484 8.676629968995615E-5 0.10926390998539791 0.015088976458252967 0.019193685587142444 0.0018906069639545815 8.254242870187378E-4 0.10931544807288611 0.004147805177442025 0.007773317645557945 0.0280716287416297 0.059855399256472035 0.20552160080482976 0.0022511971029482484 1.0529483052402005E-5 0.03528391227804041 2.2945993017670514E-5 0.02412650164903755 0.0012015106478187082 
English/CKTAUS_legal1.en,0.005200115868627205 0.009123201662315639 0.15186122507159622 1.1488692241508963E-4 0.0019720874377389167 0.11197645903358006 0.011629113664623252 0.008099357330964783 1.2983725386146175E-5 2.8233288569248763E-5 1.9240972049791105E-5 0.023416713708559196 6.768822168927265E-5 0.12165552351737088 0.009121683518114041 0.010508168322972949 0.001326563172513842 0.009657824297075774 0.12847788224032922 9.439893123959379E-4 0.01205946952400328 0.022555644061239135 0.08605439540613222 0.2540566821592163 4.691876926294975E-4 5.7104606616787104E-5 0.01325412168052541 3.848910571418533E-5 0.00621842250685462 2.354196817224237E-5 
English/CKTAUS_legal20.en,0.019191709534436937 0.026413699254237904 0.16303199080829897 0.00928208587385656 0.010610559491459335 0.12174743138220658 0.02019515799401629 0.002298884365074349 1.2157409138793189E-5 3.062478063279735E-5 1.0673308997408328E-5 0.01796675675863207 0.0052146953892497966 0.1044029385552677 0.00727810563172471 0.002390845603173163 0.0030554965233228894 0.0033377215487523297 0.09876688447986526 0.0050473354082931155 0.004519978301484517 0.04293147256497047 0.06869007041812356 0.21331087689497608 0.002643977737973808 5.4713754897156426E-5 0.021288363973398196 1.379420861422767E-4 0.019993529304310965 0.006143320863073267 
English/CKTAUS_legal21.en,0.011074872916279422 0.03162515093099124 0.16691588148676306 0.003284306786528845 0.002879009789618266 0.12385908394809528 0.01993803211419581 0.010773925285217511 5.4046094714199046E-5 2.2736041160540226E-4 1.1724524627445305E-5 0.015534142336455442 5.641385014138721E-4 0.08485098447746338 0.009169689874575714 0.003926118513602987 0.002464216432163618 0.016260888541521933 0.10009067746586421 1.5736412259347788E-4 0.004657182994090808 0.045458504181384585 0.08290151245576959 0.20876160989901163 1.5307551937539964E-4 7.043746196695304E-6 0.03161150215410569 8.209946550992575E-4 0.017931274326109733 0.004035685514552724 
English/CKTAUS_legal2.en,0.0027318769948451297 0.023394310740942958 0.13789079681321148 0.005214322610851807 0.0019323606067899266 0.13674834399837046 0.030528060623586484 0.003582963754736954 9.147810336851284E-4 2.6600515172515778E-5 3.7937191840869416E-5 0.024762430695359175 0.0011092604456321002 0.12600334927598622 0.014013220910902742 0.0037361038609814634 0.022809672218506303 0.0054361824618656615 0.11221505783697705 2.2761601237268293E-5 0.0169834415458933 0.039994491216544616 0.06158595700885037 0.195645916142041 0.001363992070454053 2.3085722992754922E-5 0.019401405946720518 1.885156021098753E-5 0.009348839177344 0.0025236254174537255 
English/CKTAUS_legal3.en,0.010343577421880332 0.021066693571380045 0.1666985848186044 0.00555345540282279 0.0024009114285953453 0.09663719278461269 0.008413024923698543 0.006138412596428885 5.288131026152544E-5 3.6772774405139345E-5 4.6717346690795674E-5 0.008917473798759774 0.005488511207198558 0.15567794709577615 0.01557788447355668 0.008435299861669715 0.003725627384070278 0.002228676720307662 0.08375582741050357 0.009754184267631225 0.006409588152468579 0.08232211352827155 0.08411937785620335 0.1627091351411138 0.0037667216580500643 1.5161565439658346E-4 0.01697615901195008 0.001329942790724592 0.027263187844804464 0.004002501763152976 
English/CKTAUS_legal4.en,0.011520675541081918 0.01783434047567903 0.14055268508545432 0.005608122961834315 0.0026508356379576926 0.07283399222103047 0.007427865195663111 0.012370559969096822 0.0020960097116691995 8.382811034718529E-4 0.001857808688671322 0.01677859464332425 0.009179365680463064 0.17100963183731271 0.04288241215057346 0.00636924844766627 0.0036451082109696764 0.004009483987402749 0.0874784366541589 0.007927528670074816 4.777684996212374E-5 0.07623413591023409 0.0680371442845442 0.1512813130086696 0.00915072609200933 5.825673591555933E-5 0.010540276133857968 2.849816725818796E-5 0.037270807495977526 0.02248007844800954 
English/CKTAUS_legal5.en,0.03382897739938663 0.030493618186716677 0.13429495194328678 0.0066924522614260915 0.013029820573101104 0.0977903795011277 0.010195729554998118 0.015864478325579953 0.009274440718672564 2.894720620642951E-5 4.86113571485398E-5 0.016283119794755257 0.007065741586719644 0.12095066962663623 0.020662434266420886 0.010843285219827858 0.0029001929535167194 2.831614865217081E-4 0.1247380840058898 0.005325447526150015 0.0010712254336717913 0.057925361157046884 0.06505194923281303 0.1525045710284939 0.007140395913935321 1.371946351359989E-4 0.007338699425766476 4.9876720967276224E-5 0.027265577242538978 0.020920605715532677 
English/CKTAUS_legal6.en,0.031217693675214597 0.031984571931434426 0.17450553152360446 0.00793581353019891 0.020112386433297144 0.10089903438626775 0.01365058943191164 0.0030525843027116107 8.22078726257755E-6 5.183553730862395E-5 2.596427330776749E-5 0.03526674543587627 2.5695878489492873E-4 0.10953340527745725 0.00906509159142487 0.006295625432197156 8.770742654647982E-4 0.01432750237823685 0.11045427833289248 0.0013229245809160677 0.006208765219835651 0.03318132355625256 0.06751592206004046 0.17479425329823978 0.0018621578432410808 2.468786926054316E-5 0.01873587550111785 0.004129634365058356 0.020139474467091224 0.0025640739279692735 
English/CKTAUS_legal7.en,0.011531588259029817 0.013773885805078883 0.16927971011805296 0.006695589565298513 0.005903713917993375 0.11880403718436199 0.017749250428159138 0.004760109827920773 5.227365971665307E-5 0.0030993175232646958 2.987902163602845E-5 0.020115573396380926 0.002091317457278584 0.10774488052045414 0.013910019987729793 0.005831384697668198 0.002428123331066265 0.004358668741043324 0.11226011936450309 0.0067766498991369975 0.007811204189098428 0.024441143581181705 0.07706571001277412 0.20224671396875232 0.008976412309713293 1.9468741012304713E-5 0.024118819496748777 4.495619921722971E-5 0.02515666095138903 0.002922817844325829 
English/CKTAUS_legal8.en,0.006077430436506141 0.005099323229911563 0.155888371254586 0.006604711884606897 0.001887475373358059 0.13654524364118883 0.013308998637361376 0.0063145489607292545 8.241881609792662E-6 2.7630394227868067E-5 2.595110494657469E-5 0.01371133793001131 0.007140432014492409 0.11294836582038985 0.01021407789286048 0.020378550412571878 0.005683585189532908 0.001482698285089208 0.12608968670978138 5.882332903740277E-4 0.013614375265840742 0.020420452548424905 0.07970429905471853 0.20698186646163624 6.761036482244306E-4 0.002167576575044268 0.02308719653799439 1.4008217955247839E-4 0.010765422531056569 0.012417730853358826 
English/CKTAUS_legal9.en,0.01102024015455687 0.02398288953110811 0.1464087481295866 0.009470500594644281 0.012890201745849794 0.10308093401653586 0.00663499357399913 0.009517277648699876 4.2483491410216366E-4 3.5389045520403334E-5 5.544387426646454E-4 0.017123744342179323 0.013078777682866426 0.10580125968955147 0.009713996547223708 0.005717957286068253 0.0063992475010008565 0.009182505301603265 0.11439448705145307 0.01830403653472195 0.007449997708726429 0.04872799845555754 0.07569350817580227 0.19876772871950724 0.0022064459065518076 3.851305267645051E-5 0.012860860577632617 7.114682325594381E-4 0.026691402207863906 0.0031156169291735635 
English/CKTAUS_pharma10.en,0.08556369917990454 0.009099983478048947 0.09668023750760017 0.0237901726755013 0.024285492163938712 0.06912591408287276 0.006960353839668346 0.0037790745439898995 0.0043936582941867105 1.673023580181133E-5 0.00610788475357611 2.810847288533154E-5 0.015054039383073859 0.06560190562525207 0.008007231103897661 0.17300186524154154 0.06090945048199773 0.002356537993516867 0.11491714357401367 0.002033043260549621 0.024202713921880472 0.031585539762914755 0.030409753993315927 0.09305760030493714 0.02121738525931958 0.0034694201984462486 6.004997674370878E-4 0.005083802300813158 0.018052407431232768 6.083511678728003E-4 
English/CKTAUS_pharma11.en,0.06038032014717511 0.014485676253756635 0.06357608262255214 0.006239180352700622 0.02908574641729604 0.089428876469585 0.013158456297507561 0.060090526739084785 3.196863638632019E-4 3.047603664408734E-5 0.0026190967756181635 1.7490009543050774E-5 0.01014404840770667 0.08103692685798397 0.04908105138067757 0.07208981326541779 0.025530667382501197 0.0013571581887983175 0.09864325192102888 2.073163223531163E-5 0.10031342987052008 0.04319121545386352 0.025817112667013677 0.09733331157662202 0.018594911826345324 5.921395114209531E-5 1.8741656097268724E-5 0.007207876066813068 0.030091384140281386 3.7539269613039374E-5 
English/CKTAUS_pharma12.en,0.05713135654264376 0.020507853095900797 0.10711772022794873 0.018313623242956333 0.023984066127027803 0.08369160172247643 0.0061228088558981245 0.009766355668529625 0.0028881488762635163 1.3447145688531455E-5 0.05200456652957868 3.0501497972562936E-5 0.01577495852807789 0.04953568301759126 0.008432781545133846 0.06256903954165402 0.036555160961111687 0.006619315525785525 0.10076572794809993 9.029319038702518E-5 0.11763081864823945 0.02542411297905453 0.02917158326832109 0.10434145505707376 0.022292240522705942 0.008576687545911555 6.964548581868399E-5 0.0065017066652414465 0.023685431252060806 3.913087848349661E-4 
English/CKTAUS_pharma13.en,0.0749636039815735 0.017303887326671846 0.09011347637917154 0.024661067275584012 0.02641426705024314 0.08254143966140351 0.00402398850710395 0.00540275238280483 0.006060577766306523 1.3460090705297018E-5 0.013835846954142247 2.5017255474401082E-5 0.014548612005062243 0.05954327396739145 0.024923122561239713 0.068636706841124 0.04026617408542131 0.007363616221504045 0.09006808569187508 1.0108286159337422E-4 0.14615574368828174 0.036821125428028824 0.024674135838630637 0.10322456618713062 0.00810580498507324 0.001492720975702623 1.2696487834397717E-4 2.448098948726084E-4 0.025959954966922646 0.0023841142906041307 
English/CKTAUS_pharma14.en,0.05124337002699229 0.021686013527578676 0.0916678893950937 0.0165116417959837 0.024924190030942733 0.0866520894300335 0.007305661179449965 0.0029697641875911208 0.003133778634977152 2.147971067767587E-5 0.012588099723870611 4.02108958435441E-5 0.015028997455033744 0.0534445014757366 0.01448535101658469 0.05712826864677068 0.03268130937334792 0.018855363859409925 0.1144535173162005 0.0025237500273028015 0.15617518139421652 0.036278818447523994 0.033832231996481166 0.0932429375933423 0.02221671791751617 0.0016124700639885254 5.8209403872658215E-5 0.0029907684620756013 0.02352117562165009 0.0027262413898994013 
English/CKTAUS_pharma15.en,0.04418908698390908 0.022199182360045228 0.0889562249810584 0.014369613911267383 0.016016875893614693 0.07555825915589953 0.0049982170632731715 0.002362560501670852 0.007856912943748774 1.757851545278429E-5 0.0012207850083571661 1.274404217340679E-5 0.013992921412636656 0.06437009371215584 0.02228052276276412 0.07780174670221089 0.01984376021560225 0.006306834099049732 0.11893437650069814 0.007008009329335883 0.1768313770793549 0.025048090604141437 0.03849285642601472 0.1057535330837978 0.015839127168748697 1.0416747316478289E-4 5.821568865538863E-5 0.005694047554335082 0.02229296357653525 0.0015893152503157104 
English/CKTAUS_pharma16.en,0.061443166562029146 0.022381640522386077 0.1016773496936554 0.009728401474685911 0.017495266061722994 0.08784346612447587 0.006441028528229324 0.008512613729484284 2.3389396256093294E-4 2.1329043485936157E-5 0.0053120973573012285 3.774985891578058E-5 0.010018357735488655 0.049854295736515356 0.013998157808231436 0.07211217942177187 0.050601324814811534 0.010147743883327573 0.10609072630972449 0.01434153570063371 0.15401168926191483 0.034592959528354755 0.030479223641207427 0.0890485073135321 0.02413731334469744 2.0736726540972525E-5 1.2016265358368975E-4 0.003806108764562145 0.015182070002751513 3.089044334080579E-4 
English/CKTAUS_pharma17.en,0.0525781969982083 0.021453809018632548 0.09172747240860396 0.01522787025663235 0.02736307335480432 0.08303175747126235 0.0060421355388750285 0.0026758970183036654 0.0027971369804732087 2.958060749702411E-5 0.008362729623768047 1.9607349344621994E-5 0.007806001684522601 0.05033156930076487 0.07874507920285187 0.0648794728020213 0.013441840355835422 0.006524036936618311 0.0748271986315436 0.0224772331496781 0.09758005424576528 0.02336113734939776 0.06298927960622447 0.09827525816542433 0.02590433604210111 1.747148500230843E-4 0.029078523685976826 0.004294326335547931 0.020161314144361026 0.007839356884924724 
English/CKTAUS_pharma18.en,0.051495770796009664 0.022313161301492215 0.09542665980693221 0.010621193775323317 0.03085766512495325 0.08902005870675571 0.00946160845679291 0.006522430174184597 1.7467873275709136E-4 1.6598630722495488E-5 0.006772164077467744 2.378867557391531E-5 0.013115578432371733 0.04305486280079449 0.08798356840701327 0.06137025971515183 0.022984396513457815 0.004927903837566964 0.09697732935515314 1.6969655546451797E-4 0.09140927638688671 0.046584057202782685 0.028798671573406792 0.09130194960208853 0.020531160720964368 4.9507333811324826E-5 0.024681353261002303 0.013087945014375432 0.027619009939994024 0.002647695088737271 
English/CKTAUS_pharma19.en,0.10113873940801071 0.024657854678957165 0.08990023239066922 0.007409563973701461 0.03706958176100057 0.07024624022544086 0.001325419055808682 0.0051444076288302545 3.728800422525687E-5 1.0650211704239623E-4 0.006611252232940102 1.353058694208046E-5 0.00864132118020626 0.06921839414254327 0.032208278431746354 0.05312351181381833 0.07133572312796937 0.0027913883961751596 0.12103799765381873 4.6012284510371574E-5 0.0951411341346913 0.046567877890660025 0.023238916275856 0.08992121060821426 0.012639330932859587 1.1878499081750574E-4 3.3174319435963335E-5 0.010516099854366122 0.01936529263290264 3.949392658313354E-4 
English/CKTAUS_pharma1.en,0.06294721145142067 0.018257379682274102 0.09354842331756019 0.04252599480302705 0.018487746252603077 0.08119758500479324 0.004937383635015193 0.0053319941767431284 0.004457022958833559 1.394567497010197E-5 0.008486964564546111 2.4581400969433807E-5 0.009620263363470842 0.06065678581082427 0.04670689253165612 0.06772808842542198 0.03101115465603811 0.018758508611236846 0.08193651094759667 0.002461604993204527 0.1287517079652951 0.03489857008345943 0.03391706447538576 0.10135541829095891 0.01187733036150649 9.176032074367595E-5 5.592715008540907E-5 0.007093398660047822 0.019177414173193092 0.0036853662571067255 
English/CKTAUS_pharma20.en,0.06365955627712122 0.01848767222444797 0.10803378525352832 0.018283350452978103 0.014823670849454483 0.0777888461498642 0.00736804050468919 0.0026603217235538408 0.0014066814567750476 2.648890014175862E-5 0.02536417003681965 2.281717828939999E-5 0.007505999137448096 0.05482791826382853 0.018363687791914926 0.0584957010406389 0.032507058713874465 0.006882419029236232 0.09004559692766514 0.007235247700873529 0.1436661214182765 0.03302919316253614 0.034552305542695505 0.12296258209559022 0.017753516663394767 0.0013748744097386125 7.878764590624618E-5 0.00615420455928543 0.019591998849574736 0.007047386039847026 
