English/CKTAUS_electronics1.en,0.04350397361262887 2.588264831702747E-6 0.005098310965505174 0.10847931348429718 0.09519614882667758 2.477435855201501E-4 0.01601603147995771 0.3962357921019293 0.041623229982357575 0.2935968676962966 
English/CKTAUS_finance10.en,0.08189614738335775 6.02232885747554E-7 0.006475000526337864 0.05031652334311411 0.5182929849345868 0.004682817699825683 0.021329211847078068 0.06718411867165844 0.2100880880279898 0.039734505333169745 
English/CKTAUS_finance11.en,0.08445923198755853 6.229659053982393E-7 0.005294004014663074 0.05260944172297174 0.5136247697949383 0.002492482076673408 0.024883772094294244 0.06802872978036001 0.20890397188013715 0.03970297368250158 
English/CKTAUS_finance12.en,0.08211098520487586 8.430151269528713E-6 0.009213036743562766 0.05262650848673753 0.509466063716044 0.005767139134450095 0.025191889185425864 0.06887164221610548 0.2085888920206756 0.038155413140857096 
English/CKTAUS_finance13.en,0.08503255946383964 9.090126857769169E-6 0.008788497714409113 0.057564828936629904 0.497651839543695 0.002941761488719526 0.024098572292282405 0.06942944354483878 0.21503902110137538 0.03944438578735643 
English/CKTAUS_finance14.en,0.08067869256576832 6.019071595614989E-7 0.004949352141545006 0.05403071532778704 0.5128182165756505 4.4051084893728887E-4 0.027889604486024143 0.07291098933298117 0.2075667548673112 0.038714561946839844 
English/CKTAUS_finance15.en,0.08941139008763926 6.123397269102942E-7 0.0066570309611241035 0.05398943829438289 0.5067305480782837 0.00379979842310312 0.023637891869365737 0.0662718079164029 0.2086097299255594 0.04089175210441564 
English/CKTAUS_finance16.en,0.08946335595655801 6.151442437496779E-7 0.0044308604525232125 0.05350671743139406 0.49566013484262417 0.0046577458334903015 0.02564922301802754 0.07247844587771596 0.21061584320197352 0.04353705824145302 
English/CKTAUS_finance17.en,0.09019235523787089 6.005383188702173E-7 0.0062490648092213595 0.04658209250045479 0.5038187187786154 0.003872610089523114 0.031245146478324125 0.07253060835344943 0.2029926362019832 0.04251616701224259 
English/CKTAUS_finance18.en,0.08435970131320314 5.902546231444199E-7 0.006189201094685896 0.05005071386839043 0.5074134618172624 0.003737680632486317 0.028009724733192323 0.0726532954362226 0.20366247234231327 0.043923158507624314 
English/CKTAUS_finance19.en,0.07546710779704341 5.930857419082916E-7 0.006989954538364577 0.06052825219701384 0.506178429630351 0.004827404463497596 0.026789310943061174 0.07196762005343431 0.2040518264244671 0.0431995008670291 
English/CKTAUS_finance1.en,0.07994476698478258 6.210042775256921E-7 0.0054062110694178414 0.07005255636418238 0.4920266199040401 0.004747290219555884 0.024708426783729854 0.08027883665002501 0.2045915462566372 0.038243124763355535 
English/CKTAUS_finance20.en,0.08198709351625952 7.5408156183347885E-6 0.007547675457809366 0.05391616654895918 0.5048581763017448 0.0054439591114805765 0.026326143367270155 0.08198419790604758 0.19800260968013342 0.039926437294680955 
English/CKTAUS_finance21.en,0.08675072097727007 1.0026586584515278E-5 0.004782760838665642 0.05131296297804545 0.5011115543208768 0.003054057321490584 0.023509601777739753 0.08259621416150902 0.2104033389836254 0.036468762054196524 
English/CKTAUS_finance2.en,0.08549585469710205 5.88426622999527E-7 0.00674998060376823 0.06107165318867676 0.5073309131850579 0.0014130303609205456 0.026280075315771582 0.08310192203660327 0.18901858172134753 0.039537400464133135 
English/CKTAUS_finance3.en,0.08826025455193931 6.097992465196662E-7 0.006824675851414943 0.056077733224144256 0.5036623390314139 0.002344127535925192 0.022987518054718676 0.08428553825083235 0.1928468066501649 0.04271039705020388 
English/CKTAUS_finance4.en,0.09965840079781144 8.29489000286034E-6 0.0051585086462368444 0.05575423584940251 0.4935308859440915 0.0017730305320136912 0.026806450613280654 0.07288661673683307 0.20257990994844813 0.041843666041883054 
English/CKTAUS_finance5.en,0.08752486951482498 5.905902429537931E-7 0.0063207609747312245 0.053151728153111574 0.49893034839423345 0.003786978769824099 0.02404543888876955 0.07694142949063985 0.21030792915751398 0.038989926066112304 
English/CKTAUS_finance6.en,0.07937488494559018 6.037966115539093E-7 0.0062506745030739205 0.06248515915848143 0.490197017754082 0.004260496653856064 0.023270212376565316 0.07867830324959361 0.21812266950789688 0.03735997805425304 
English/CKTAUS_finance7.en,0.09000188217843838 5.953293170020556E-7 0.007381099102584998 0.05255757647512146 0.5006021982300625 0.0065341657794177645 0.02514653384928163 0.07485604223636375 0.2057000356449786 0.03721987117443785 
English/CKTAUS_finance8.en,0.09923161314753885 5.916667958281191E-7 0.005485420575266909 0.05754115580528327 0.49668149228596525 0.0031381649535033363 0.024014584032177974 0.07056417646675903 0.20533246855973825 0.038010332506975206 
English/CKTAUS_finance9.en,0.08667821559491505 5.957162861371709E-7 0.010223842625434274 0.0499445477404471 0.5048849988128884 0.0029106856895542753 0.026449726266360763 0.07276519409674367 0.20357485656550486 0.042567336891869256 
English/CKTAUS_hardware1.en,0.18416368800936436 1.544798290396385E-6 0.07073192917799283 0.058814054657236506 0.24126490921463023 0.001157014295147241 0.0661397850051395 0.17323195491620103 0.1350118363188853 0.06948328360711437 
English/CKTAUS_industrial1.en,0.24223746718628156 1.5113802448443758E-6 0.020951460068527293 0.08872420881807146 0.12160836285666084 0.0017129509591571456 0.04929670392105179 0.2330178049727926 0.0953243321834973 0.14712519765371726 
English/CKTAUS_industrial2.en,0.23099392567942015 1.5026342555964117E-6 0.024867017447269553 0.08936491984603649 0.12168371375500672 0.0037530505517779306 0.04350115790305848 0.23852133588908103 0.09364965411479774 0.15366372217929833 
English/CKTAUS_industrial3.en,0.24057396902528846 2.4823223966960848E-6 0.022966267099182612 0.09260400897885743 0.11686169520814155 5.582332230162962E-4 0.04257176186970542 0.23419645408071788 0.10056635685790388 0.14909877133479177 
English/CKTAUS_industrial4.en,0.23723928863709204 1.6257174231634803E-6 0.021698209488573945 0.0800417590919831 0.13265042336115493 0.0010367542846050624 0.04819018428659242 0.22700215693511602 0.08479919975267597 0.16734039844478524 
English/CKTAUS_industrial5.en,0.23421290298462838 1.6144306468445553E-6 0.018588595826997543 0.07400102402066576 0.13454337934705793 0.0027842145992660996 0.05988262412553288 0.2342029066123127 0.08943529762272857 0.15234744043016538 
English/CKTAUS_legal10.en,0.12802653121696253 9.101834370891347E-7 0.03578341042037641 0.038310519548472644 0.41546559345970674 1.5787374808339782E-4 0.03436753185051386 0.12199327691975985 0.1749616593926081 0.050932693260082706 
English/CKTAUS_legal11.en,0.10931154453366997 7.400928900048197E-7 0.011956938238996464 0.02979477886734245 0.4371780849713685 1.8590195060952857E-4 0.03009485282780644 0.1194661732973827 0.2116494991990843 0.050361486020853066 
English/CKTAUS_legal12.en,0.13006185882212554 7.912478264492899E-7 0.022002731761877996 0.020513690055567812 0.41675704093606775 4.5829420548446915E-5 0.03859546441481429 0.11830848691567371 0.20036879140095193 0.05334531502454951 
English/CKTAUS_legal13.en,0.1910362472322894 8.066094733496452E-7 0.01928504843959446 0.06366459986689053 0.3310104599482053 0.008524077774183 0.04672917097576505 0.13465569638117575 0.15702792694661852 0.04806596582580846 
English/CKTAUS_legal14.en,0.13934203234229772 3.2543307046422897E-6 0.09362442433913669 0.02603439859122462 0.3846487899898199 0.0026934953163513025 0.04012503509879017 0.08752190597028936 0.16938476683107567 0.05662189719031336 
English/CKTAUS_legal15.en,0.0866683303955073 1.9355161097102425E-6 0.04612047599981181 0.029128654383124595 0.4072193352548303 6.807036534428974E-4 0.01770671164331651 0.11690015054727705 0.22541006682999762 0.07016363577658619 
English/CKTAUS_legal16.en,0.12259344734348233 6.45043813422962E-7 0.09363078850934427 0.03943998378924111 0.3216846562092175 0.003172862257571739 0.024195602208820857 0.0954404121183177 0.2314987907311555 0.06834281178903939 
English/CKTAUS_legal17.en,0.12365260226357577 6.861802483587918E-7 0.0798465453030937 0.0375269960809076 0.38407283344282617 5.878244077318867E-4 0.020741799666869582 0.10209997956631629 0.19785884109695606 0.05361189199147812 
English/CKTAUS_legal18.en,0.1104735646709187 1.1191033938139831E-6 0.058694796323090416 0.02957321226283285 0.42623606952296667 2.334991019817417E-4 0.024644609313690592 0.09565548330608871 0.19276164897908685 0.06172599741595316 
English/CKTAUS_legal19.en,0.09979607100903289 6.991122295613321E-7 0.057575065931463096 0.03285306592831957 0.4001460394589426 7.09062803576088E-5 0.033417723346095135 0.1176144896033303 0.20391412997432157 0.05461180935591127 
English/CKTAUS_legal1.en,0.0956684256159525 6.202132051105762E-7 0.027243809160066915 0.025481725627626687 0.44988307368643005 3.291761731029628E-4 0.019990209016957663 0.11366006725331258 0.23180383604104993 0.03593905721229963 
English/CKTAUS_legal20.en,0.13649130071854926 7.299334958971981E-7 0.07402011842938346 0.04203072229884754 0.3933846670696261 1.2712947515371135E-4 0.025085183424888805 0.09423078012932122 0.17422784355525228 0.06040152496548516 
English/CKTAUS_legal21.en,0.09571637531360234 6.994888809933316E-7 0.06444480365748616 0.06372406774876901 0.40696837489758825 3.0537725418111196E-5 0.0394348835402039 0.10592098570252462 0.17549033519245266 0.04826893673307755 
English/CKTAUS_legal2.en,0.09210800143072036 7.337838451475555E-7 0.052327026556704875 0.03267853532310883 0.427722649224375 9.326183193522267E-5 0.021271773498679373 0.1227634744383717 0.17565239778632716 0.07538214612593566 
English/CKTAUS_legal3.en,0.16041592748808586 1.101103532623584E-6 0.1665194244336726 0.024351258795505648 0.29875648285711837 0.015070978154960455 0.032328398654705166 0.09715443343107963 0.18057375954783975 0.0248282355335028 
English/CKTAUS_legal4.en,0.1009384091097322 1.6635591069317567E-6 0.1956103501698253 0.05636553067270798 0.24761559876909353 0.12494935196335481 0.04541936720197622 0.07238482306972777 0.10615506823815658 0.05055983724632047 
English/CKTAUS_legal5.en,0.13519368003704577 1.1653438236252479E-6 0.15238748004617245 0.065943811989304 0.3150678224079524 0.03438856059791945 0.027730416328958164 0.07563301594419979 0.13175724980203452 0.06189679750259289 
English/CKTAUS_legal6.en,0.1089576173677098 7.506837285144608E-7 0.11410377252594024 0.05397449259772481 0.38674820940209054 4.080313494521896E-5 0.03712006749143112 0.08268611239484157 0.16327734089555046 0.053090833506041185 
English/CKTAUS_legal7.en,0.10448304841281515 7.162096004173375E-7 0.07267899058432331 0.05024286031234036 0.4184245732501212 1.4108399098119182E-4 0.022554104162439095 0.10101199450699062 0.17260188476952618 0.05786074380086587 
English/CKTAUS_legal8.en,0.11442712324159393 1.210511586705582E-6 0.032521789787760345 0.024472831199466957 0.434352959251561 2.0167569338030536E-4 0.022652447858636505 0.12097971123215998 0.19974328064847738 0.050646970575380305 
English/CKTAUS_legal9.en,0.10090558134812797 8.294106958853015E-7 0.07899244135406826 0.060388572690979594 0.38083225568107015 0.002228915573398671 0.016787342362421888 0.08639913037702883 0.19381082721039597 0.07965410399181644 
English/CKTAUS_pharma10.en,0.11633840695310506 9.446184791136258E-7 0.3850465921149743 0.027870394302014483 0.16981839329113577 0.0021154568246455996 0.0430134148071489 0.10273258999673002 0.07843129005314504 0.07463251703862425 
English/CKTAUS_pharma11.en,0.0983358187230701 9.532298241289105E-7 0.389511888727535 0.03850852213425321 0.18901700898637547 1.5310372887190622E-4 0.02355788265897418 0.049808675898138234 0.09942493600361108 0.11168120990934888 
English/CKTAUS_pharma12.en,0.11286412814689605 1.0010643314675545E-6 0.4093408942869118 0.031282759500595815 0.16898296262528303 2.257535129343471E-4 0.03806253193793397 0.07731965757704193 0.09943748584311654 0.06248282550495733 
English/CKTAUS_pharma13.en,0.09043834159682441 9.058440650520693E-7 0.42712347977470005 0.027821371661659273 0.1817578464389697 0.0017779689524437153 0.03452281257554715 0.08509213908002689 0.09727387329942325 0.054191260776343196 
English/CKTAUS_pharma14.en,0.09598732222820656 9.768371919199386E-7 0.4170718892187043 0.03174688886356438 0.18072803915915087 6.9888377504622E-4 0.03252540891758612 0.07549996665475661 0.09199910823369405 0.07374151611210142 
English/CKTAUS_pharma15.en,0.10547269881160827 9.541054446219862E-7 0.41310915130758774 0.021875360483102263 0.20982540794522725 5.37688267699198E-4 0.02083942414033273 0.06251998462004425 0.09447698899926901 0.07134234131968718 
English/CKTAUS_pharma16.en,0.1100901834795543 1.1577235201107855E-6 0.3925930894210046 0.029616059533612626 0.18019110994718868 0.009693243238497531 0.045491987119035814 0.062259217754924594 0.09969457585909852 0.0703693759235653 
English/CKTAUS_pharma17.en,0.11435727171960879 9.91571344478503E-7 0.39357548648457746 0.025369208525228233 0.167202313059268 0.005336313980742351 0.07576398808956943 0.08202867705697159 0.08993164002132731 0.046434109491364936 
English/CKTAUS_pharma18.en,0.10815586192936716 1.0192708560657057E-6 0.3859263403635669 0.0310026790432689 0.19709235201999406 0.007697356170086327 0.030770455160774174 0.0937073987460187 0.095492517603579 0.050154019692491024 
English/CKTAUS_pharma19.en,0.08173050432669007 1.2062140775227747E-6 0.35808113138625486 0.05398970704293955 0.16350144037438816 0.008075987473666571 0.048076970308672855 0.0648333590519522 0.09861080202917637 0.12309889179218345 
English/CKTAUS_pharma1.en,0.10690941624904417 9.385298577021875E-7 0.3424822867184826 0.03178567602957092 0.18414101755107273 0.0036399274770529317 0.036923760474706885 0.06959549823727676 0.0881121926825991 0.1364092860503385 
English/CKTAUS_pharma20.en,0.10079756653975305 1.0084510632405205E-6 0.33941547828210844 0.049010018937515235 0.19583371165423347 0.0066943659853961725 0.04780719757141386 0.08450025517039103 0.10212885514853905 0.07381154225958897 
English/CKTAUS_pharma21.en,0.09471500769633526 1.075562770244045E-6 0.3473802897085008 0.04022047193448567 0.19229648380524547 0.003968884871261749 0.03500723728701454 0.11070518450615727 0.10892622547816301 0.06677913915006829 
English/CKTAUS_pharma2.en,0.10241446245383666 1.0055222633814735E-6 0.3286305546760342 0.04882322109289772 0.1940007128070619 1.7512762233487376E-4 0.032903977224698566 0.08195295317177467 0.10819364270083208 0.10290434272826833 
English/CKTAUS_pharma3.en,0.09693717742541381 1.1129014894031879E-6 0.3569825464434293 0.027640059698553758 0.1967704904504696 0.003174093970121349 0.1043043142524961 0.07783595765664848 0.06309002099144834 0.07326422620993198 
English/CKTAUS_pharma4.en,0.10779121282214914 9.797242436231665E-7 0.2914922260782967 0.04121939450461379 0.17484390572791825 0.001428996852471571 0.10999230784158434 0.10576659630320828 0.09509796091240902 0.07236641923310809 
English/CKTAUS_pharma5.en,0.09250412775111494 1.0879553418317231E-6 0.2940283436813176 0.03761757917584291 0.22818178691670427 0.0012990049647956519 0.07827531550079464 0.14030607857955316 0.08113899089714392 0.046647684577393995 
English/CKTAUS_pharma6.en,0.09728554817892028 9.027996526510588E-7 0.3728954819527768 0.030698556585838994 0.17336550572756348 7.933192962753874E-5 0.057142147202350856 0.13898227063259913 0.06723555705210962 0.062314697938563625 
English/CKTAUS_pharma7.en,0.1080748288256838 1.1079944824537582E-6 0.2623024798447267 0.03051375953496408 0.20042271636062184 0.0025880088025579946 0.10096421128552943 0.1066511764312446 0.12893406372946806 0.05954764719072352 
English/CKTAUS_pharma8.en,0.08538583623705576 1.1269893566025184E-6 0.28214720539595 0.03454031259320788 0.18488027806960447 0.005215551327393746 0.07214868176360034 0.06926254616414564 0.11980467262772056 0.14661378883196705 
English/CKTAUS_pharma9.en,0.08955584624648391 1.0919202762230868E-6 0.35010450065672044 0.03400904850050594 0.1858273400460711 0.007866757272254587 0.03905009026692327 0.08626835480248486 0.0833954999071752 0.12392147038110642 
English/CKTAUS_software10.en,0.10213146729711459 8.75702727910372E-7 0.3014828920682491 0.033153928055010544 0.18019651555760802 0.06987806180164631 0.04630722991173423 0.07664259420910395 0.0962429492299768 0.09396348616683126 
English/CKTAUS_software11.en,0.09724853292759203 8.867172278486607E-7 0.2951278565569988 0.040369576607258296 0.18305301300407695 0.07134445545349104 0.04915863176541575 0.08476948561711961 0.09674459316614321 0.08218296818467914 
English/CKTAUS_software12.en,0.10000060639703097 8.671248147102693E-7 0.30998188487194595 0.03382603145497978 0.1796409985515755 0.05259075971560115 0.04679483460037746 0.1000292492805073 0.09814237330873968 0.07899239469443019 
English/CKTAUS_software13.en,0.10294158129774728 1.5157258498300133E-6 0.30579577157764176 0.044191567764840706 0.16941547989035788 0.0521821888267021 0.049351364319862354 0.09600487068076355 0.09832544824025292 0.0817902116759843 
English/CKTAUS_software14.en,0.09859922436652217 8.404620463950851E-7 0.3056758568036242 0.051531715129114454 0.17573864913083903 0.052089729765127026 0.04621967921504165 0.08626465983120724 0.09822766362246879 0.08565198167401172 
English/CKTAUS_software1.en,0.07811270781492588 1.8976341582847283E-6 0.19062164508010707 0.1335120242928118 0.19076144929249164 0.042396253565988036 0.0634963822710367 0.1204008176058625 0.08148273169084795 0.09921409075177332 
English/CKTAUS_software2.en,0.10163938791894543 8.704190116386066E-7 0.29787483797843034 0.04917097363990226 0.18242406958099713 0.051039416475922424 0.046196049744726665 0.08440943559967368 0.09957173102163981 0.08767322762075329 
English/CKTAUS_software3.en,0.10669066394026434 8.883350940649582E-7 0.2960863624336514 0.0502375570974195 0.18276804802307947 0.05528421730566445 0.044865586288680946 0.08677468408471037 0.09578963038628716 0.08150236210515112 
English/CKTAUS_software4.en,0.09495282121354666 8.369404633335064E-7 0.3108019041878973 0.050622226677370125 0.18381036510956872 0.05516561891381297 0.04471587756913666 0.08306327921187788 0.09913935403888027 0.07772771613744894 
English/CKTAUS_software5.en,0.10608956450428382 8.511603788279609E-7 0.29632358771363576 0.05179675013726495 0.18010748274525681 0.05923085157993298 0.04696219637432907 0.08549130423072794 0.09513542759500979 0.07886198395918285 
English/CKTAUS_software6.en,0.10318372354445628 8.45662614057066E-7 0.30002681301242023 0.054997526909016374 0.17696599356843715 0.0478472265167872 0.04662991240301624 0.09214970030511435 0.1001550421996444 0.07804321587849662 
English/CKTAUS_software7.en,0.10259581174484848 8.522312256201211E-7 0.30839613628232454 0.04513319590601605 0.1754651598698799 0.053269518117148446 0.04266350514126027 0.08460514258541631 0.10060904173269161 0.08726163638919142 
English/CKTAUS_software8.en,0.10067805571301428 8.779232568239453E-7 0.2992276782370853 0.049500355785175025 0.17805261641215483 0.05559356116495737 0.047938564953421546 0.08458995187139305 0.09772479607960288 0.08669354185994167 
English/CKTAUS_software9.en,0.1018275075324388 8.619437981366507E-7 0.3039743532746955 0.05418582214784882 0.17481733653123022 0.05409421738918933 0.045341150875169475 0.08352423172912248 0.09914806601797586 0.08308645255853414 
English/CKTAUS_undef1.en,0.09481528224693012 1.1947443859771916E-6 0.1467931092895528 0.13884369005194985 0.2382040161739501 0.019327148655509944 0.046707272798919175 0.11017794618588383 0.1336916777300188 0.0714386621229022 
English/CKTAUS_undef2.en,0.07926497710731761 8.08283327419123E-7 0.07195606289971777 0.061258663247728475 0.3893347129852216 0.004527460142290491 0.026032910251428516 0.09451825703201695 0.23073881580827243 0.042367332242682736 
English/CKTAUS_undef3.en,0.08121186901598042 6.638148183244438E-7 0.042577810797162795 0.0308255661799136 0.42102019566184 0.003238209455139007 0.023419831143362286 0.08025384272121648 0.273805430842986 0.043646580367584446 
English/CKTAUS_undef4.en,0.08609926752657819 4.85212542299604E-6 0.04483440974686964 0.028307658083749018 0.41462461458829214 0.0056166443634683445 0.02290499702631932 0.08200397087923356 0.27139486923656575 0.04420871642350452 
English/CKTAUS_undef5.en,0.06281069749736788 1.147829542886377E-6 0.051395917260403594 0.1619022332223141 0.30483985159068966 0.003228689524917156 0.042917578914616665 0.16076405622669804 0.13515843267272912 0.07698139526072448 
English/CKTAUS_undef6.en,0.06298996389259082 7.587068793097044E-6 0.05249586440026233 0.15216405140535016 0.29153444659591865 3.5828421685870916E-4 0.041294043158531794 0.2076983491026076 0.12427871951845847 0.067178690640625 
English/CSTAUS_business10.en,0.04378261459639484 1.676627686667175E-6 0.06389025824589961 0.08843477795004684 0.2615453878768028 0.02756967596165454 0.10346066718386272 0.22416616282370452 0.08870544437006642 0.09844333436388314 
English/CSTAUS_business11.en,0.057501342720097874 1.7052550425171591E-6 0.07085623405877274 0.0971052778818106 0.2476671106868438 0.020625708905566267 0.13456251108294978 0.2096058786129719 0.09432931320159624 0.06774491759435042 
English/CSTAUS_business12.en,0.05559993669963121 1.7784444364249317E-6 0.06141331464989405 0.07103123258734784 0.25930400610908855 0.0173496082745949 0.12506482619098067 0.21913483810140424 0.09640695136347856 0.09469350757914528 
English/CSTAUS_business13.en,0.05781183623329753 1.8027263425410713E-6 0.06270179093673456 0.08694914158572413 0.2602705580899332 0.024892758579457056 0.12863913600134924 0.22948062192249363 0.07029548488639269 0.0789568690382773 
English/CSTAUS_business14.en,0.05351684093819859 1.4865763394275176E-6 0.07923181808902821 0.10565782082870542 0.24963710340454426 0.02492587814776313 0.12827286235827376 0.17427156152257242 0.10867757113916905 0.07580705699540773 
English/CSTAUS_business15.en,0.05451577185138292 1.5864836859438657E-6 0.07315424970185287 0.0988388382283984 0.25367564284989547 0.03246294087884977 0.11984537813554058 0.1962728457468112 0.08699894348539862 0.08423380263818629 
English/CSTAUS_business16.en,0.05159862808417038 1.6921056458110539E-6 0.0636365526813558 0.07244845061117049 0.26898475830567314 0.021634791427300525 0.12532143098280532 0.20724140405800473 0.09147685165460936 0.09765544008926623 
English/CSTAUS_business17.en,0.06680869439823446 1.5744594080562494E-6 0.055048616394504056 0.09545215709865117 0.23314071365108283 0.016250048766157082 0.13699463144955978 0.19044882899382815 0.11005740570262534 0.09579732908595096 
English/CSTAUS_business18.en,0.08006856530630274 1.5435739001651402E-6 0.06462907375606672 0.09836827121511166 0.2554327571644 0.02707596129139637 0.10791845283024595 0.19192414752683312 0.08098455305431447 0.09359667428143051 
English/CSTAUS_business19.en,0.058964384698409276 1.593297849179206E-6 0.05863319367240527 0.10076779837204758 0.2637361398857688 0.021024823102868552 0.12971057329027022 0.20405625872277078 0.09035648541312967 0.07274874954448261 
English/CSTAUS_business1.en,0.047645485905141574 1.989155681943297E-6 0.0638451186143136 0.08059327971111038 0.3105648598332283 0.0010160174871906187 0.12344680257514583 0.22212400844421645 0.08671359545876411 0.06404884281520871 
English/CSTAUS_business20.en,0.05206644392031441 1.4595590803440476E-6 0.07336697297571032 0.09859240145290846 0.293419872134755 0.017028340624109344 0.11086935174000297 0.19795439069589385 0.07843571483763759 0.07826505205958965 
English/CSTAUS_business21.en,0.06662365402823796 1.5264844178224324E-6 0.07912388758943811 0.07800281778103754 0.25329169173688393 0.005590353578830708 0.1275883410162915 0.2092737960899549 0.08238604201003703 0.09811788968487249 
English/CSTAUS_business2.en,0.06214316281892105 1.9899178589472047E-6 0.0429785152230991 0.07975848878756392 0.2990512191078773 0.014011413756799242 0.11568319151413134 0.22515098291848373 0.08492323440910655 0.07629780154616035 
English/CSTAUS_business3.en,0.06016724544379306 2.1167123852565366E-6 0.044791681082725056 0.07454387800859981 0.3068857562076594 0.014886084934176159 0.10362481781887097 0.24613177008432063 0.07990789128416126 0.06905875842331023 
English/CSTAUS_business4.en,0.05798570879559207 2.0577245831687782E-6 0.06510822002391721 0.07801363060100136 0.28811396484429985 0.028779280394009264 0.12831119042197905 0.19501313210417637 0.08188980978132178 0.07678300530912151 
English/CSTAUS_business5.en,0.0593024528124123 1.7559946520052655E-6 0.05424879963063131 0.07432856745021316 0.29425871205275284 0.031704966253297814 0.1244591428484337 0.1890808368080228 0.07890496014719393 0.09370980600239162 
English/CSTAUS_business6.en,0.051521050668727794 1.8225492610815799E-6 0.0800803468231338 0.08207446051830489 0.2724037923524965 0.022251090998902275 0.10030706270685787 0.22308106867952157 0.08446651701189711 0.08381278769089903 
English/CSTAUS_business7.en,0.06323706151849995 1.7960761351723064E-6 0.07488618284638852 0.09960511688215133 0.22655927088844038 0.034170663104110086 0.12790713028592118 0.2121387326059787 0.08209705647414747 0.07939698931822925 
English/CSTAUS_business8.en,0.0621313707047358 1.70974624779492E-6 0.05351016359260848 0.0963660583624861 0.25609504396029636 0.02943479197132918 0.12756072091401294 0.1991315623942216 0.09205984440647888 0.08370873394758467 
English/CSTAUS_business9.en,0.04406374282412095 1.7764166799084438E-6 0.0717329155133942 0.07902149010573938 0.2691015266565389 0.012209126842719409 0.12350713222945198 0.22409436449478165 0.0921923618437259 0.08407556307284968 
English/CSTAUS_electronics1.en,0.1882617396966548 1.4046849895031254E-6 0.1374676315374961 0.07073406588058956 0.16284439243647433 5.261448998038393E-4 0.16653265628255445 0.10484284465416438 0.08190514510547381 0.08688397482180092 
English/CSTAUS_electronics2.en,0.16208557276377344 1.3982556499510132E-6 0.12424102370212801 0.09012760474714816 0.1770069238552347 1.8768612841812412E-4 0.15753170141933634 0.1236405077296192 0.09182517383855933 0.07335240756013461 
English/CSTAUS_electronics3.en,0.10209119580562653 2.070852880132369E-6 0.08301989362532602 0.1143604985168079 0.23600120087887339 0.004085296193532995 0.10097360585247506 0.1223156960149132 0.10831479982445891 0.12883574243510768 
English/CSTAUS_hardware10.en,0.10383348851200712 1.1629951298262888E-6 0.06167201284093446 0.09088627214739498 0.21302160936379752 9.639032199986154E-5 0.1712194519548112 0.1508037216416626 0.13320275962303463 0.07526313059923077 
English/CSTAUS_hardware11.en,0.12724633785174988 1.2455581419899144E-6 0.06530760847987643 0.08676075033663105 0.21742189350879562 9.790352781301453E-5 0.11364604499526808 0.14968824347575568 0.12985975767773753 0.10997021458823318 
English/CSTAUS_hardware12.en,0.09149225583054504 1.5738232308956707E-6 0.05413856227711395 0.06920688547672438 0.2961563014410021 0.01759035173908916 0.08058740161702084 0.16400467106410543 0.13556640753327953 0.09125558919789027 
English/CSTAUS_hardware13.en,0.09926008885850882 1.2277918019005338E-6 0.08477876706155989 0.08922005986196087 0.22883745090106375 8.599968309058715E-5 0.10954090731838946 0.1468228641866979 0.11219825199063056 0.1292543823462989 
English/CSTAUS_hardware14.en,0.11418661872659294 1.0449694457079036E-5 0.06973791852348998 0.09338948293088657 0.2060449815741621 4.695069427378356E-5 0.10657851512024061 0.17950230026500094 0.1201755670254811 0.11032721544541826 
English/CSTAUS_hardware15.en,0.10902655354635198 1.2021190651679636E-6 0.06599369853068221 0.09749042031409676 0.16805247631453582 6.105420704273237E-5 0.1493990120259066 0.16628112008557921 0.12374314407155192 0.11995131878519066 
English/CSTAUS_hardware16.en,0.11281529316180601 1.2721015670693787E-6 0.07149125060309064 0.09307587894747726 0.21587621813642235 8.175964968427346E-4 0.11068992820290575 0.13921098467309856 0.13481351642633999 0.12120806125045197 
English/CSTAUS_hardware17.en,0.09234228174361397 1.3128345334267987E-6 0.05638838299820411 0.0751625298852139 0.22638012838552093 8.446632349715682E-5 0.10656718084200535 0.16744028351749696 0.12262675558901151 0.1530066778809047 
English/CSTAUS_hardware18.en,0.10783385368701762 1.1748342361453808E-6 0.0759382985053201 0.08720918614582193 0.20875044317276323 5.63170545992233E-5 0.12083075735772465 0.14913411467617388 0.11694635971898412 0.133299494847362 
English/CSTAUS_hardware19.en,0.09794441211633453 1.0955289140317512E-6 0.06055152886074301 0.08195433154635548 0.2387691190693983 3.759693210651709E-4 0.12063013983907028 0.14453998581967217 0.11431484733902218 0.14091857055942794 
English/CSTAUS_hardware1.en,0.14337237108345305 1.3678120949214995E-6 0.05979448886594631 0.0869830278108346 0.21162660837945327 0.0017599616975595119 0.08887693571187576 0.16144133988063353 0.10929339306111963 0.13685050569703144 
English/CSTAUS_hardware20.en,0.11224887866230046 1.040370245378319E-6 0.06829304092016533 0.07866049228631138 0.2422578741665866 5.061331822613554E-5 0.09074803347367898 0.15628102471716676 0.13678902823285616 0.11466997385246624 
English/CSTAUS_hardware21.en,0.10900256139234904 1.0051330415847564E-6 0.06411479211734276 0.08106707495286661 0.2507861390157102 0.004684590946414823 0.10000519221792795 0.13709291720282127 0.1422459970062008 0.11099973001532859 
English/CSTAUS_hardware2.en,0.11710795560234909 1.6425136130455508E-6 0.07083211033128578 0.08330986710317247 0.2213682368101705 6.573966346949475E-4 0.11509466433426907 0.15001702637512807 0.1010016195216833 0.14060948077363566 
English/CSTAUS_hardware3.en,0.13767306333315993 1.7329472906126242E-6 0.05158410842966124 0.09014109365696452 0.21678927523472852 3.4260398519497765E-4 0.10611910324341862 0.15931481121775845 0.09739487794136141 0.14063933001046372 
English/CSTAUS_hardware4.en,0.10386390333847662 1.4509954298282532E-6 0.06440462563110488 0.0943476540032457 0.2101730278863731 0.002102926757834283 0.11793738324403953 0.1534029589488703 0.11628464480001019 0.13748142439461755 
English/CSTAUS_hardware5.en,0.0933194031372235 1.5121136751460427E-6 0.056420981179386175 0.09174251986889795 0.24818961191804428 0.005683306015897047 0.1093271875930678 0.1591312369263377 0.11490332193098486 0.12128091931648743 
English/CSTAUS_hardware6.en,0.0928726931558157 1.5243934461643751E-6 0.071443578288593 0.09535542822576648 0.18714236179966862 6.111505146866983E-5 0.14325536603886974 0.1675986506171437 0.10001747884969507 0.14225180357953507 
English/CSTAUS_hardware7.en,0.09609187497960897 1.4390674236468534E-6 0.08192451192892253 0.09389226461342468 0.19040314141220924 3.408958627128269E-5 0.1311121736476111 0.15886306033017344 0.11789751812764675 0.1297799263067106 
English/CSTAUS_hardware8.en,0.09816231283648234 1.19906600630291E-6 0.08301160432717224 0.09632013752725048 0.19373102284721228 9.766965965803427E-5 0.10841210451371946 0.16035691576800737 0.13128151232349788 0.12862552113099648 
English/CSTAUS_hardware9.en,0.10604595973382294 2.4153813640240417E-6 0.07610315980055303 0.09123992875377145 0.17458231557466225 2.6360178293781843E-5 0.15566488088465769 0.1588040591980251 0.12077138033608788 0.11675954015876416 
English/CSTAUS_industrial1.en,0.0846215210945615 3.0397149263580603E-6 0.06314401938197775 0.10747615026511746 0.225415310973009 1.2403420418487373E-4 0.047673954700735106 0.2013392125140861 0.07579224597679007 0.19441051117461308 
English/CSTAUS_industrial2.en,0.08924349782688694 2.084986497557148E-6 0.06509054669577512 0.12008655064111717 0.19679114276818208 0.0015288888804168444 0.06219955120022045 0.18980227504589872 0.08184615075966625 0.1934093111953409 
English/CSTAUS_industrial3.en,0.09511608530273369 2.1514964318944333E-6 0.0906380864901787 0.14053749172938942 0.18151390864020675 0.0010575097492225918 0.04487983253542031 0.18602925422543812 0.12127869812874464 0.13894698170223607 
English/CSTAUS_leisure10.en,0.046621960086797976 2.633323759780919E-6 0.1394874985109455 0.09636743497784392 0.2118744366187907 0.017501360332690567 0.07080528266839006 0.10992196159073482 0.10573739420039271 0.2016800376896562 
English/CSTAUS_leisure11.en,0.05326427536540035 2.681824577871814E-6 0.12695107418322096 0.12184297178936683 0.21037373606774734 0.026831931299763644 0.07153178367517382 0.11919326259858094 0.0963413925175436 0.17366689067862667 
English/CSTAUS_leisure12.en,0.050245722223409665 2.729273845769541E-6 0.13479704117569077 0.11374307146876132 0.22234670845657614 0.022094168865181434 0.0720013053280331 0.1052714702681528 0.11088255334244451 0.16861522959790656 
English/CSTAUS_leisure13.en,0.048269380195080445 2.698546780465162E-6 0.13838322783340334 0.11972942960158334 0.2047476713125913 0.028738987415161718 0.07273798955192666 0.11434195427898787 0.10572169078041234 0.1673269704840745 
English/CSTAUS_leisure14.en,0.047417080541264055 2.6625753978552963E-6 0.13468721579097143 0.11544657812691422 0.21829722240105962 0.022296677232925385 0.06439327542351025 0.12384819108140656 0.10785188185945457 0.1657592149670982 
English/CSTAUS_leisure15.en,0.05286857301822189 2.7908749791799253E-6 0.1324337014914351 0.11993672191616499 0.21134688663902992 0.028181736756890844 0.061144953861996885 0.11240442867010565 0.11662949401259667 0.16505071275858077 
English/CSTAUS_leisure16.en,0.04332767575369537 2.778927959628725E-6 0.1271460781465039 0.1180419711238944 0.22627100618058954 0.019327192413140605 0.0711708648631575 0.11341953251012764 0.10934842576649188 0.17194447431444146 
English/CSTAUS_leisure17.en,0.05113456175952059 2.7417614980436133E-6 0.12429193837003917 0.1131000816927406 0.22385874034024983 0.017559196053714275 0.06579215376700653 0.12667114704774082 0.10488063073321463 0.17270880847427753 
English/CSTAUS_leisure18.en,0.060853949952125334 2.7264082171359563E-6 0.13778011313692506 0.1155116295875334 0.209014028881547 0.02066130221987606 0.06980245418857081 0.11690493755408674 0.09905907599724798 0.17040978207387256 
English/CSTAUS_leisure19.en,0.0578760160429115 2.6648524645508078E-6 0.13439950200520417 0.11793800284402345 0.2215151646010398 0.021713296208904023 0.07106958745158357 0.11541338938800803 0.10155663394773867 0.1585157426581245 
English/CSTAUS_leisure1.en,0.047723293802937015 2.6753773338547415E-6 0.13861843463691234 0.11884263528451615 0.22199318233931709 0.02029556706626279 0.06666046958274538 0.11672398987937327 0.10937785678288435 0.15976189524771986 
English/CSTAUS_leisure20.en,0.05443215474767213 2.753877097262237E-6 0.13134384593539203 0.10627821681516784 0.22018158242461353 0.0243496049153357 0.07263661897635128 0.1195459188385684 0.10351171390453573 0.16771758956526817 
English/CSTAUS_leisure21.en,0.04950456648486954 2.7004176846573677E-6 0.12926404809372918 0.12406660781102359 0.22430781824379542 0.024970794545746338 0.07137100421783464 0.10719356852492957 0.10351479894568724 0.16580409271470184 
English/CSTAUS_leisure2.en,0.06278225907912939 2.7739801691265785E-6 0.13754117560121706 0.11589109183599809 0.2057172042255296 0.026891419971567545 0.06624677710025921 0.11259838575691603 0.09320866019025528 0.17912025225896058 
English/CSTAUS_leisure3.en,0.05595503194801947 2.7192704035898134E-6 0.13792749231309454 0.10849930762138654 0.2221523241712902 0.019358313941923867 0.07055250314097279 0.10911907365510767 0.10201700228745164 0.17441623165035178 
English/CSTAUS_leisure4.en,0.047690590853305334 2.5493021789378975E-6 0.13370967691383712 0.1113387506903552 0.223331163317202 0.021669913327188588 0.07033507151996214 0.11762304893821882 0.11920618299164025 0.15509305214611377 
English/CSTAUS_leisure5.en,0.05383216106191046 2.739832888100564E-6 0.12711197837057936 0.12626240681166448 0.2139159194859674 0.02554238552084398 0.06507957916874947 0.11597798714083878 0.10395493578852186 0.16831990681803807 
English/CSTAUS_leisure6.en,0.05397924777059497 2.735503420357326E-6 0.14074659393564415 0.1069074237631497 0.21227862011579515 0.02727730337667672 0.0692510682786319 0.10807127692827377 0.11169748984457083 0.16978824048324453 
English/CSTAUS_leisure7.en,0.04743426798416953 2.622684968498428E-6 0.13454722652291037 0.12236569476853221 0.20916488526937657 0.023576785124632717 0.06347156120682605 0.11602800762359461 0.10854973977551267 0.17485920903947888 
English/CSTAUS_leisure8.en,0.04968168294375209 2.717373294292874E-6 0.1341007568384563 0.1245258496748154 0.22228415198472454 0.02358693115574354 0.07059824035214178 0.11630048363968847 0.10165707858835775 0.15726210744902777 
English/CSTAUS_leisure9.en,0.049861491528679025 2.669418302211029E-6 0.13072142344705662 0.11314849894279816 0.21526020827912057 0.023755123859927348 0.07399744922236641 0.11358747112161877 0.10898574204353031 0.17067992213660252 
English/CSTAUS_software10.en,0.07499049056723431 1.6904532890534558E-6 0.04331244755243342 0.08961128334365054 0.2966345834179915 0.006981698984059445 0.06635774256771348 0.2085544285522196 0.053133679303900734 0.16042195525750935 
English/CSTAUS_software11.en,0.12259590926959561 7.621853467726615E-6 0.0698630566035525 0.11605945963440348 0.22568931675102671 0.004354961565055748 0.04496225038090002 0.21567526220166403 0.0663185646404181 0.13447359709991913 
English/CSTAUS_software12.en,0.0872153261533769 1.220561126973635E-4 0.030614911091693855 0.14990641663117282 0.26570423917319086 0.010081503358791023 0.07055194131531442 0.19784711586689047 0.08310526346129528 0.10485122683558037 
English/CSTAUS_software13.en,0.07199037241961681 9.95003592775197E-5 0.06354740328447916 0.11515145587963575 0.2309889657189129 8.821594677049766E-4 0.0819154338819416 0.20341182168099584 0.10997677005842778 0.12203611724901005 
English/CSTAUS_software14.en,0.07787190545153146 5.762241420287283E-4 0.027125358261186866 0.13048560810391588 0.23212175836312893 0.01679004508443884 0.10959677942957619 0.2072255412068531 0.0729744084406659 0.12523237151667743 
English/CSTAUS_software1.en,0.13037054294850706 1.0084061354402368E-4 0.047221719322573345 0.06988799731443715 0.19266905728126152 0.002701219605454688 0.09084682449952554 0.21545309897577392 0.08056598941465859 0.17018271002426685 
English/CSTAUS_software2.en,0.09230610346541383 2.456586024464325E-4 0.04155344124890103 0.09141981214100742 0.17364702962374928 0.008665681897154448 0.11388210555716996 0.23623601948608777 0.05848089230397193 0.18356325567409962 
English/CSTAUS_software3.en,0.12630105729856608 4.0636743782930366E-4 0.06373162369028505 0.09432010601322906 0.16142833599442216 0.011127846421509461 0.09670565257030708 0.18480938317984189 0.0884449459895781 0.1727246814044343 
English/CSTAUS_software4.en,0.1104735870526734 9.043043167774586E-5 0.048977755716394275 0.10253477988955129 0.1499290367283231 0.0211853044676481 0.1138332521495421 0.18090861667720337 0.10277299716517202 0.1692942397218178 
English/CSTAUS_software5.en,0.15260552085612406 1.1868093463546384E-4 0.05197048864380295 0.08492925964110452 0.16619202041648687 0.003921264137542726 0.08992805192011194 0.19165154049401523 0.07880369351752843 0.17987947943864943 
English/CSTAUS_software6.en,0.12701529878436063 1.3002348309374198E-6 0.06307162801266858 0.0690713036929193 0.14654053486076146 3.2011155845523386E-4 0.09496325167140612 0.20418459447769766 0.0837745620141449 0.21105741469275716 
English/CSTAUS_software7.en,0.1167975603006269 1.684216104270635E-4 0.04996241342618105 0.11622224376556309 0.18356860303757566 0.014168912122323803 0.08424074069562983 0.16703905587558132 0.07319183888390804 0.194640210282185 
English/CSTAUS_software8.en,0.1012429254591309 1.5437268427918391E-6 0.04128371021777396 0.0944322947353216 0.22612936524957877 6.299685984211941E-4 0.08043789221525567 0.20738476918573145 0.04927596507495467 0.1991815655369905 
English/CSTAUS_software9.en,0.08398515361578258 1.386435026794383E-6 0.06804797345245525 0.0972964660719504 0.26002614945951247 0.018742021045970943 0.07315857158034934 0.19459723028861314 0.07288551216001109 0.13125953589032988 
