English/CKTAUS_electronics1.en,1.425095044231023E-4 0.004261398894514164 0.0035331987808936414 9.920780984948778E-5 4.093286769412104E-5 0.12739097130662663 0.03652941989581037 0.018647101509422663 4.1246565296523314E-5 7.948173340107221E-4 6.919281578016358E-5 0.02692819530386968 1.2370060179455313E-4 0.12369734769980312 1.116234973261001E-4 3.238724612154603E-4 0.05442107501427346 9.55652279126582E-5 0.5019264810009252 0.006911584550779154 2.9016182437782776E-4 0.046634436490857474 0.001470332284715328 0.0055355428656587435 0.038823844037035975 4.08111700811377E-5 7.002432986465813E-4 1.3103626661641234E-4 2.0992882287623678E-4 7.422029690600119E-5 
Dutch/CKTAUS_electronics1.nl,0.01770886955107769 0.010872130243434825 0.05392995151974173 2.066754911252937E-4 8.85685400491524E-5 0.02113889651763927 0.021235478132763955 0.09282938742468512 0.0029971313834116055 9.83995334760146E-4 0.022945519628581806 0.0041623395003243776 4.537877933930999E-4 0.01145797358061187 9.617268745458059E-4 4.416005198073978E-5 0.019250095128651393 8.369528879383897E-5 0.4374181715940265 0.06679353749141176 8.187838768796937E-5 0.10688696071767674 7.036173705827078E-5 0.036919563821842825 0.012907933680134038 0.005844489637660632 0.0071752357593574895 1.4778823612474054E-4 0.04373127154615224 6.724254052933254E-4 
English/CKTAUS_finance10.en,0.008243075585357196 0.008296621877338725 0.20578959378600425 3.4516834187213214E-4 0.0033883080893002196 0.1390245569244381 0.007923979677156398 7.926788123856258E-4 2.2054898172709942E-5 1.8826235338366388E-5 3.285453198242046E-5 0.020637152808445282 0.003408433552981175 0.0989197247957118 0.00961221911262215 0.003220129459698818 0.004088873233471872 0.007580268466217659 0.10098975795968325 0.0018656733350698644 0.005656615637135702 0.008868534436737347 0.07796831077813389 0.26462768249791285 4.7626010828689915E-5 8.98039799442269E-5 0.011471264295501401 1.0135896679608458E-4 0.006687044180127058 2.8180773362734515E-4 
Dutch/CKTAUS_finance10.nl,3.598310511227962E-5 0.0259561591312625 0.27978745067395705 0.010979842231551297 0.0027264310678526246 0.07617096728339137 0.023536707668737018 0.035932839571361834 0.002128687066640176 0.0014579627510099564 0.0015522171237050827 6.402463102553505E-4 0.001401932880912735 0.013823452232992224 0.012104699421661742 3.232677021524614E-4 0.0033936238550414635 0.0029160300375022756 0.09427219198836101 0.019512725860328643 0.002907924716823989 0.02805880717868472 0.02954184894318952 0.24199559065477988 0.006129556562217227 0.021826452963801198 0.005282692552638709 0.017910287571294283 0.030492154930098197 0.007201265962675503 
English/CKTAUS_finance11.en,0.009380602202266273 0.010591839536751396 0.20782837953173325 9.305315851371736E-4 0.004498206329444254 0.1415095022954524 0.006326594908003369 0.004136030794649277 2.1481431524285722E-5 3.280073135299956E-5 3.5762319002459804E-5 0.017457093277982963 3.1408380381199824E-4 0.10251710779151556 0.00992621298366138 0.0024336588732336724 0.008351938113214915 0.008613244191567072 0.0942531000926659 0.002985793424990042 0.008251867731526955 0.008641639428977445 0.07687987896755331 0.2530798646739566 5.28573567606256E-4 1.0715427937855899E-5 0.010493061754236905 6.175909776876792E-5 0.00818812676124502 0.0017205483712214192 
Dutch/CKTAUS_finance11.nl,5.920246470028195E-5 0.02931677811611769 0.28576740632348013 0.010567503566757149 0.0030215892121281053 0.07631914349485928 0.022756984755781 0.03353581528859101 0.004563302076545363 8.454888415078928E-4 7.589900857021756E-4 7.991182434195253E-4 0.0015343482873193454 0.013547884855401687 0.015190119714693423 0.001708107456507121 0.0041179848262244455 6.095482438356556E-4 0.0904292722949424 0.017878543348848662 0.0030870055350371343 0.029734863446700514 0.03189548236515223 0.24066878191741892 0.005706129773979489 0.017781113463834895 0.0034157225392191307 0.019525830713362242 0.026108317240599622 0.008749621507327561 
English/CKTAUS_finance12.en,0.009993889922595062 0.006877106657193332 0.2086943578450627 0.0026221629053188506 0.005749416986343746 0.13908652437405594 0.008200942253771888 0.0047318291506080615 2.2746309550737482E-5 3.0340945097562836E-5 7.885319285681174E-5 0.015894185137844245 0.0025167149509015083 0.10242694399477455 0.011948098226013698 0.004842474168528476 0.006367347560076922 0.006478668548247545 0.09519113382001061 0.002483024112639363 0.006419360679168954 0.008627793119081337 0.07470660788069765 0.25862824830813175 3.384451866054542E-5 2.9594764915496714E-5 0.008257588033246619 6.300622065037094E-5 0.007090786415483212 0.0019064089984645826 
Dutch/CKTAUS_finance12.nl,1.5705639162414352E-4 0.025244079544554557 0.28942775501535206 0.010068404355516054 0.003315971955137898 0.07178276923412528 0.02083599906952895 0.03324169354301883 0.0027876978005753586 0.0012830494000641342 4.2372677567580004E-4 3.897094765666636E-5 7.222706866411972E-5 0.01541483502084323 0.012440287192137847 3.658512303234289E-4 0.0038474024017805344 6.628063940174103E-4 0.10327820071171712 0.019326748405779432 0.004307859375924894 0.02981971568170627 0.030362653726077483 0.24107760120532182 0.00505426632691887 0.013698185702406954 0.0062801340976412915 0.020009804992373204 0.028220243165467524 0.007154003268062186 
English/CKTAUS_finance13.en,0.009244818615004684 0.009339814057352057 0.20404668855742975 0.0023534445680560455 0.005145421510768571 0.13831852019033478 0.006173979231530394 0.0019169211278847026 1.289230312266549E-5 2.413831866553467E-5 2.754034968967474E-4 0.020551101391433183 0.0031052337594847388 0.10292277814548932 0.012084718445035517 0.004768893688459709 0.00681454551068904 0.0067687836244883495 0.10042883559465535 8.109147935707679E-4 0.007135481916408545 0.00961830840727106 0.0740231073889987 0.25385423808587876 3.520135498649043E-4 1.1343964606000855E-4 0.01069649034035564 4.5611172637485635E-4 0.006882168031149023 0.0017607939772796388 
Dutch/CKTAUS_finance13.nl,1.599826231299587E-4 0.029758189251398892 0.29310651058419274 0.0110557305352784 0.0029614779805870336 0.07234947093794492 0.02221823108753962 0.03331965523875388 0.002095424930397168 0.0017028986899858447 0.002887482767607322 5.835693655101535E-4 9.595157220594598E-4 0.015050588846757227 0.01222482410222427 3.312448045666303E-4 0.001884878686352162 1.3109776958154516E-4 0.09329390384250902 0.019806444625289108 0.003233598936006315 0.027258718863407295 0.03317986948796739 0.24042324228596976 0.005170344941547124 0.015858558920584916 0.0026992747679488093 0.019717084409717693 0.027592132264530392 0.008986052730647674 
English/CKTAUS_finance14.en,0.010399644236283005 0.00784319099701087 0.20265072115723315 0.001382789413999648 0.006508053742778913 0.13742227665724172 0.00692738200039832 0.0023742845944657565 1.6463359547542917E-5 2.3966464844358752E-5 5.1721603360636174E-5 0.018602739412556975 0.004095457713928634 0.10334451171029606 0.01293761974824316 0.0038115436571377697 0.00640563437362359 0.00818220075701918 0.0981097139766425 0.0025973103002564324 0.006844159829741083 0.009294656081623562 0.07331953296783049 0.253286293412935 3.09841994951516E-4 2.5804482898815243E-5 0.010275315865147622 8.714052340270991E-5 0.010477134483720939 0.0023928944808724595 
Dutch/CKTAUS_finance14.nl,3.271425061965451E-5 0.030478539767013174 0.2805888215649572 0.012630869472894596 0.0023171667769893074 0.07704939928135988 0.024353096608465703 0.036956519585246234 9.847558649942652E-4 0.0032542768634448655 0.001702479081263123 0.0012775890412426182 0.001258190906486758 0.015580601481900977 0.014687633475919691 5.042491893243019E-4 0.002795597230377441 1.5036351527403263E-4 0.09208317939204737 0.02094585514144527 0.0019144040823676869 0.026302784516438502 0.035408545580077166 0.23888048631147807 0.004453461801129244 0.012745775037200058 0.005399140981231874 0.016182288644305404 0.02850780589731514 0.010573408657182782 
English/CKTAUS_finance15.en,0.0138743136011702 0.008706992337232072 0.2095130304656603 0.004169805166495138 0.005719616692364185 0.13520951678889312 0.008528951137056514 0.0010133835281504462 1.2818921708564757E-5 2.4381808540156376E-5 2.486688701363569E-4 0.015177455932669595 0.0021635696324592848 0.10313175658278109 0.011748430807657738 0.00249388942075963 0.006846744416957376 0.005466634195062985 0.09404808668006684 0.001661630970928451 0.007562712523783665 0.010726790549528785 0.07358066592329779 0.255737555621612 2.4229290287281036E-4 1.0532675026367094E-5 0.010096218452734746 5.677603773433272E-5 0.010212896907417328 0.002013880449234064 
Dutch/CKTAUS_finance15.nl,4.518978467023154E-5 0.031983543603087104 0.2873570025251592 0.011912529030341512 0.0037115399298042803 0.07437272520514024 0.021119460514248 0.03815235431643467 0.0010857758961419946 0.0010659197981032931 0.0010797345142285677 2.060991957124095E-4 0.0017970962626438975 0.011206029063761329 0.009953877666143545 0.0013372574798349093 0.0013637117912988874 1.7441625184978313E-4 0.0968607200085512 0.021788122352528982 0.0038077388321345255 0.02799334029302017 0.029622223293861907 0.24734610941160967 0.008136898265523246 0.014645441890627317 0.0032136802959465242 0.01749700770142351 0.022448825949063587 0.008715628877098617 
English/CKTAUS_finance16.en,0.01252148553339245 0.010324647924715961 0.20681510330387487 1.819370622255368E-4 0.00592477356112402 0.1357106996621455 0.009440460599086691 0.0022826191742300545 6.507561325694522E-5 2.1861630901320027E-5 1.9980282507639914E-4 0.017297156004402518 0.002702036920108392 0.1056805517118757 0.011066634547312737 0.004311184859834361 0.005897302484196083 0.007456768779268021 0.10060830447611868 0.0023833437986813134 0.00678103874610754 0.00961088865235197 0.07227886657346064 0.24935181162316492 7.9351633952772E-5 3.865377611636166E-5 0.010513541162531193 7.019519398720567E-5 0.007475188125649482 0.002908714040842019 
Dutch/CKTAUS_finance16.nl,4.779151450768356E-5 0.029211266305575773 0.2884210305360778 0.016366827037582642 0.002277156593909311 0.07377433022556901 0.020689611601174877 0.03352016094631084 0.002026903383178815 1.6410084483663105E-4 8.477060694593928E-4 2.0439330646952568E-4 0.001138990479261103 0.013984625384029621 0.010719439744209289 0.0036022168209530196 0.002708296148377507 0.0012940346785136254 0.09905204897003834 0.020916966543028506 0.0067405707879764605 0.033684272713085404 0.0299562646857489 0.23598335187608604 0.00462299809176605 0.012271790167229861 0.006699544896559627 0.016783499618587668 0.025625575817790645 0.006664234212099447 
English/CKTAUS_finance17.en,0.011653819956882352 0.011419020218581894 0.2039443564273535 0.002693010999570161 0.006650842021960395 0.14037972126195813 0.00834275773587665 0.0018725730700684818 2.9272671979601277E-5 2.905066733097367E-5 6.316606817017248E-5 0.016104140893566533 8.950129433480518E-4 0.10114011279521225 0.014009167533216961 0.00510468048736221 0.006373083318319952 0.005017426864191873 0.10460247646170295 9.628649158100227E-4 0.006281325603217305 0.009435390226421222 0.07307059437103694 0.2504283415159786 6.028997584412661E-4 1.7905033340325833E-4 0.00867651155229008 6.89569295355056E-5 0.008471485797549323 0.0014988865996560501 
Dutch/CKTAUS_finance17.nl,5.019892477977002E-5 0.027550848880064652 0.28544575128215594 0.009550280994444243 8.679952546646132E-4 0.06888433544539639 0.022065700752720626 0.03860079750130509 0.0014050435252819153 6.186346630919922E-4 0.0014267165861030905 5.651112584696388E-4 0.0016891749738240692 0.013280818616440825 0.014506263183706234 2.797048889016958E-4 0.0026384540816304846 0.0019543931391272046 0.09761091760544066 0.02518655356247219 0.002212487994939904 0.02837109764095555 0.034571998716302926 0.2365733824369375 0.005701589863331411 0.018841650156662622 0.004369824034916134 0.016132931420067234 0.03212085189826463 0.006926490717593342 
English/CKTAUS_finance18.en,0.010618811739540887 0.00730120369310106 0.20839847388812602 0.004094352156424846 0.006085348733650804 0.14006083299303324 0.008823676957088987 0.0013526961462870918 1.78282521292035E-5 4.8756123253580545E-5 4.3986148887589014E-5 0.01758353042469281 0.0016297197489183513 0.1027709129338109 0.011568875559736118 0.0034355630206217994 0.006056463675405906 0.008629062996470737 0.09316503651130682 0.0033429429913187764 0.006529852622431871 0.00836891846396046 0.07369835117421708 0.25427891181012247 1.018158332710635E-4 1.9412488415167607E-5 0.01173810313899213 9.597607860877909E-5 0.007963627988339491 0.0021769557078293333 
Dutch/CKTAUS_finance18.nl,4.530060278397038E-5 0.026664805208413727 0.289132486927015 0.011136891728063127 1.1789931627299867E-4 0.07360786052519784 0.024276764334831658 0.034042426855547994 0.002592298089297242 1.234537541442975E-4 1.799591750205457E-4 7.980862199596384E-4 0.0012910337114741132 0.014187143109670773 0.011830593885228911 0.0012421877437552825 0.0018726525377216264 2.829172037794036E-4 0.09384133119884301 0.020802380820939947 0.002441928190196042 0.03279056140482373 0.031119862556645495 0.23545572263439948 0.004891650219762935 0.015990497904838898 0.004022086693613023 0.01757451286503905 0.03921466877935579 0.008430035803356247 
English/CKTAUS_finance19.en,0.01250009824985358 0.011329348594972356 0.20342386774130236 0.0030207618803786453 0.0036760256667959213 0.13549224344715566 0.006432138433013388 0.003518992075389378 2.8486538765139504E-5 4.6029568652595426E-5 3.2355578442670307E-5 0.021143766796229566 0.0021572937256706575 0.0962307662781603 0.010255816381607967 0.004609970829079482 0.006421301029653606 0.007450346929709574 0.09988150071987938 0.002685700140609207 0.006515917068762187 0.012715984206352081 0.0727568400899633 0.2556028456940546 1.0188121180348047E-4 7.659862951476031E-5 0.011099130533846653 1.1335281918313251E-4 0.008752487858877294 0.001928151282314153 
Dutch/CKTAUS_finance19.nl,6.089693943837509E-5 0.028199302683544418 0.2809638013146695 0.011446047864693856 2.565729487911352E-4 0.07581570636284973 0.022301178824792166 0.03602836331872325 0.0025661371170365745 3.998659883585338E-4 0.0016568556592115964 0.0012707215996249825 0.0020120262947328346 0.015527079472107517 0.01076034198101723 2.7654797824900874E-4 0.0034090509803210273 0.001989589292432299 0.09740835786734302 0.02313735331813078 0.003310524973698492 0.03785560071764928 0.03251050621259715 0.23263984757117329 0.005970902705789907 0.015377996194896009 0.006593702568935356 0.01589330560115625 0.02901542391473277 0.005346391733295919 
English/CKTAUS_finance1.en,0.01115731692755902 0.01113016812773095 0.19997694929147794 0.004739809868913133 0.0051925505984653 0.13705160901837377 0.00710507439808118 0.0036443240779939576 3.2927030078368925E-5 3.889689289147458E-5 2.635057567258385E-5 0.01685348116211194 0.0025457761635689453 0.11005389186559278 0.00973820396567757 0.005436263833850068 0.007868213120792058 0.004385567890264483 0.10023991855136448 0.0025805148471788985 0.008563756392719658 0.010380384414451752 0.06951379511879036 0.25426953667280666 1.0889053518345217E-4 1.8652389764453575E-5 0.008771565482033452 1.155882773821502E-4 0.005921252306135701 0.00253877020308484 
Dutch/CKTAUS_finance1.nl,3.9103832791924093E-5 0.03485433392690349 0.28313909133457976 0.00870231933000204 0.004841936442005093 0.07067054711498531 0.024580608671825856 0.035479046589135615 0.00231044765331572 0.0019727279587183635 8.76587330233976E-4 8.758879636843785E-4 0.0021519443572009804 0.009719290607432913 0.010610752904794631 0.001704843106119555 5.981548673498558E-4 5.169995738554522E-4 0.09915985741319111 0.025590839742972826 0.00866299639910478 0.034419239457267534 0.029858924664803548 0.22426790810101543 0.006275674550330718 0.012497382990347089 0.005307023304313565 0.0192396059526299 0.03183973967575289 0.009236184183329476 
English/CKTAUS_finance20.en,0.013034969761579099 0.009843385073001648 0.2082792907700113 0.0019552408643645114 0.007140768208936722 0.13717073228366222 0.0072157225239823045 0.002827450485547161 1.9652233850128478E-5 3.762486265253201E-5 1.5619596816726365E-4 0.018594005561554553 0.0026425234435410927 0.09672250916739304 0.012564985928183786 0.00680341316243884 0.006065558670706873 0.007783570429589646 0.09501040181302679 0.0052275938693923055 0.006575829181763706 0.007336837640121806 0.07357581008877367 0.255260855647112 8.531232567454408E-5 1.30899803907331E-4 0.008845844561891851 1.3865856249288503E-4 0.007933910927408585 0.0010204461792639812 
Dutch/CKTAUS_finance20.nl,7.954728869748889E-5 0.027454455267181294 0.2824586709193935 0.011460923485046983 0.0011213336252142005 0.07248607150279227 0.01854614791307564 0.038105490419219123 0.0016855930940828593 0.0011747932450294472 0.0024684261118712567 8.168423630229773E-4 4.8747293231704835E-4 0.012222270097087366 0.007754309273368788 1.6531825209148532E-4 0.0022155052214811208 0.004139861198309012 0.09503213469165674 0.02353615283856047 0.004183476819983053 0.032078201496302555 0.02900053045523132 0.24708141354787003 0.005241727784653391 0.01757212137095382 0.006792738671288476 0.01964954971669785 0.027181086668534103 0.007807833728979466 
English/CKTAUS_finance21.en,0.011452685881277704 0.009380002355403776 0.21012326151684033 0.0033507712200236675 0.006727517737440433 0.13664430653806883 0.008559312533352308 0.004282132222649114 1.5575476892891217E-5 1.3059030670106486E-4 7.09014425855982E-5 0.015894012892864903 6.850185081677314E-4 0.0946624382218601 0.010085803749574164 0.005329411421629745 0.007231892151871414 0.004952960882514088 0.09757394204807898 0.0033069580437921427 0.00639684234466028 0.008055756620227257 0.07327997580002944 0.25864631275024696 2.308612645969669E-4 2.5327343030687263E-5 0.011474673394050254 3.0000022550837395E-5 0.009265131606591554 0.002135623702419419 
Dutch/CKTAUS_finance21.nl,6.178570969781251E-5 0.03131733498619522 0.27747480187141066 0.008511191363201132 0.004839902275100266 0.07104185422393819 0.02064167887670796 0.03782026988750558 0.0024553010098455883 7.704016419041727E-5 0.001123439297192411 9.692774324591643E-4 9.470082699948845E-4 0.013490348617683742 0.011998760685780333 0.0013316079036921648 0.0019993387088791488 0.001173124855840676 0.10098407842827363 0.02109982544498045 0.0041375698233038815 0.031217422634207487 0.030601104526045315 0.24637628520531266 0.005294926422169914 0.01625628759546361 0.0035490045660946986 0.017649767847907935 0.025520968867387975 0.010038692499529751 
English/CKTAUS_finance2.en,0.012415759973437277 0.00801161798552285 0.21734832761767234 0.002510730333025425 0.004219891296698412 0.12966480937686833 0.006846940646168782 0.0030155368103153032 4.2948420214255356E-5 2.930402597626851E-5 2.0539192924975958E-4 0.01603492329447087 0.0015965607043314223 0.1027757594714073 0.012073902677313394 0.0024875614437254823 0.006796327357863758 0.006996992773485754 0.10136400228954431 5.058163600899381E-4 0.008025190016718397 0.007972086328363878 0.07059133491417548 0.25816826449807684 6.08003644762799E-5 4.075144461975432E-5 0.008596792409131275 8.393037374432762E-5 0.009154938638346323 0.0023628062249597343 
Dutch/CKTAUS_finance2.nl,2.743462631390668E-5 0.03276865288091062 0.2837835047484005 0.00979069293902358 0.0033698435163764585 0.07038794831375851 0.022666617661467613 0.032536350622004384 0.00260944865768628 0.0016715193127059724 0.0012705491075178138 2.2946621371048188E-4 5.632189109758974E-4 0.011218849681519236 0.012323042878198947 4.275344275413962E-4 0.004097521560262986 9.687965168864715E-4 0.09202267308828405 0.020443968063855903 0.004381426901455995 0.030147415952232044 0.029373508118267923 0.25591440466979826 0.0050616749432109785 0.011391182371438538 0.006825778202037878 0.018133873523703162 0.02797474836303177 0.007618353227414803 
English/CKTAUS_finance3.en,0.009718942848412545 0.011361152673131288 0.207432051775893 0.0029219452651076685 0.004424888796135117 0.13657578952968477 0.007361279447101284 0.0030685238890298962 3.189816571259469E-5 3.645584302122538E-5 1.6806385302542464E-4 0.016123296288341946 0.00363083473852892 0.10093027728104045 0.010712636352324032 0.001940444291141977 0.005602998855368673 0.006396664753338295 0.10088391832762708 0.002718761558007993 0.007141734804663368 0.009617834783912 0.07311498301052292 0.2530482607756142 0.0011339891422422373 2.918657523682281E-5 0.013732979355683718 2.8960818017519785E-4 0.008191195357679001 0.0016594034822884514 
Dutch/CKTAUS_finance3.nl,7.547674919742528E-5 0.02899914334767258 0.28347262196674056 0.014020720848139698 0.003446324169725239 0.0735697469767512 0.016684895389562675 0.0368863970715924 0.0033467111196430876 9.475973830077444E-4 8.1429017592707E-4 8.115123699211226E-5 0.0021177983270939103 0.017887605521799334 0.0104675623972205 3.041500389206455E-4 0.002891833731988286 0.002657517756476424 0.09657641917900943 0.018898310722669807 0.006530275872545104 0.03338585148580056 0.029072713982138364 0.23883041081983925 0.005016887532927559 0.009313838742843448 0.0054541511301994805 0.019206808515728337 0.03036417848445257 0.008678609323388344 
English/CKTAUS_finance4.en,0.01038456463415268 0.009125969254443787 0.2099035343492732 0.0011532107875480728 0.005696934448421593 0.1385859957695945 0.007361490331110243 0.0019983542156481017 9.129914064725164E-6 2.9854190162816584E-5 5.535987452216957E-5 0.018590857585178908 0.003497986062177916 0.10317412091548474 0.012710095893445836 0.005570990078244469 0.008108007885216258 0.006645318977608998 0.09948396222440062 0.001549783116122829 0.010374748541432399 0.010135982078715767 0.06967372182600036 0.24637776017603183 6.493412179753916E-5 4.4936263501526464E-5 0.010202602969945799 2.437831718692374E-5 0.007855474950794387 0.0016099402477636872 
Dutch/CKTAUS_finance4.nl,4.78313017418588E-5 0.03323478444186754 0.29250802136739695 0.009929519870830593 0.0026584944053991426 0.07077389189641246 0.018778631848473476 0.033967418933469946 0.002014120896736509 7.519496556159188E-4 0.0011528300175306623 3.3745629113262265E-4 0.0022281054498762888 0.015128709311434518 0.00946727054038418 1.274575828516662E-4 0.002746992456382447 2.669810171058333E-4 0.09821438016571511 0.0217987372117781 0.0035543884873091027 0.03269323040475839 0.031370930878599435 0.2355857511254703 0.0037497900681613848 0.01682913482465242 0.0036419319698370455 0.018028166667954468 0.0293181405121294 0.009094950398985186 
English/CKTAUS_finance5.en,0.011888245406034038 0.009646007346900997 0.2077593375410906 0.002015865761600482 0.004680542384385132 0.13595567099070208 0.008736465518930703 0.002527581738115806 2.5839899606890396E-5 4.246685964784674E-5 3.9799834365434636E-5 0.01949872918943113 0.004385693077615238 0.10281839168536847 0.012720090086980976 0.004310523265726291 0.005548231336563188 0.007066514853347944 0.09529039499244486 0.0026904041263574718 0.00761334796449218 0.007941173673179576 0.07158026378180539 0.2575326955657471 3.6177096837614414E-5 2.152918591698465E-5 0.009548993346259263 1.4330998890579924E-5 0.0063594305718637145 0.001705261919785366 
Dutch/CKTAUS_finance5.nl,3.5364538469642846E-5 0.02698488820793222 0.28354652772730005 0.009845560801461732 0.0013436212099679754 0.0752035074881932 0.02606345324034988 0.03396362069017178 0.0030207341993969783 5.099829917275594E-4 0.00214722683027372 6.959356016637119E-4 6.413399136629366E-4 0.01292066218613519 0.010108534348347197 7.652309443255247E-4 0.0028682998597553172 4.610821447561989E-4 0.10234466865834847 0.0198531163359437 0.008138165376294745 0.02975221412006926 0.03384456776456646 0.2312213729031283 0.004771044031223072 0.014261184722768112 0.005741276244495465 0.020794933188281732 0.03060018838025032 0.007551695350731587 
English/CKTAUS_finance6.en,0.011767414940498674 0.008914040056514489 0.2064823073302328 9.471094975577576E-4 0.005219614574968572 0.1367664695369777 0.009530260286024002 0.0033569280022798203 1.8237225069765283E-5 1.6291824009494895E-5 3.293982906707616E-5 0.018792014334570742 0.0033970467869245684 0.10534887696715377 0.011341713988323064 0.004013809152607142 0.005238718830718279 0.006119724320086116 0.10019753593923368 0.001219097858871337 0.0097270636637149 0.008960016100273641 0.07533212940071099 0.24822625939437845 5.4207877909287026E-5 5.2148904178066216E-5 0.011989287492098972 7.191430241230779E-5 0.00576021331896325 0.0011066082636636847 
Dutch/CKTAUS_finance6.nl,5.495548570346379E-5 0.032058889947512104 0.283101923751921 0.011204839527868335 0.004403630419394324 0.06942908372954126 0.02256836404147276 0.037538836917407524 0.0034862444028103995 0.0024883235341953296 7.9893796229948E-4 4.1474306541115865E-5 0.001739537414614103 0.01439515619147473 0.010480830720873061 2.0814699651659546E-4 0.001757355263543224 0.002152904536168382 0.09314091482322405 0.0204581379611909 0.015106537847658311 0.03286849614286864 0.025178317057850293 0.23345812806812086 0.007056064347331166 0.014463427184268617 0.005950566874324967 0.016688539995252695 0.028734441614494833 0.008986992933550233 
English/CKTAUS_finance7.en,0.012290124847098152 0.009772218529173187 0.20682186920855725 0.0017968604565942908 0.0061796871059803145 0.1419088279914188 0.007294027597661556 0.0026977135782793684 1.4160910617500404E-5 2.7525184720648464E-5 1.148331022051988E-4 0.018913551746915072 0.003388469772512287 0.09735377463619276 0.011550311577267451 0.00431199584771844 0.00515974496861176 0.0068239310452090935 0.09617167502000122 0.0015377923912427527 0.0068164950079983985 0.009618454236337393 0.07513124218581943 0.2557303778766987 2.1433748183390114E-4 3.104116307929138E-5 0.008834318807085217 2.1662667923903015E-5 0.007723891093902178 0.0017490839613376098 
Dutch/CKTAUS_finance7.nl,1.3362928471731452E-4 0.02862717899152536 0.27727029924412266 0.0096057916316288 0.0019783159591756382 0.06504710850787475 0.022326884448533545 0.035043938615094285 0.002418906634709669 0.0017342764618036284 0.0028988196961048283 1.0667605231775516E-4 2.0017023170148068E-4 0.015184284353541579 0.014153692487877718 3.323084447061946E-4 0.0034992392149715964 0.0029623596658654256 0.09667639261392826 0.020685107169419688 0.012320737868753904 0.038817957364597665 0.03070802257262843 0.23718498655881887 0.0050834260978276195 0.013700945026882254 0.005048934905331511 0.0199637408156502 0.029656755903845103 0.006629113176036547 
English/CKTAUS_finance8.en,0.009758224287509653 0.009423949169489593 0.21406780210955334 8.512994891834042E-4 0.004471794802871213 0.13836443524776687 0.006256007850161652 0.0011922349251805994 1.1120504392921258E-5 5.6045051988273166E-5 3.354387759284773E-5 0.016459462341786215 0.0025331085817402316 0.09709033282467586 0.012469460874403373 0.005565093411719569 0.00869854340861381 0.007730807543683824 0.09709218305413879 0.0023501936813346107 0.008619954213083637 0.008534915665752466 0.0760073535030079 0.24994210364379052 7.969870754850097E-5 2.9162620631076235E-5 0.010581488202169363 1.1434735903648944E-4 0.008376310818081267 0.0032390222291052437 
Dutch/CKTAUS_finance8.nl,1.3366407340486446E-4 0.02773931959324508 0.28961048374275583 0.010386653583409363 0.001546223444888514 0.06553128807300071 0.02256834830913979 0.03539237176329022 0.001767952110385361 0.0010666674978736495 0.0012745444973667806 3.4390578655780157E-4 0.0017836437056724744 0.01519252663242505 0.011681529694240229 0.0027123787273301133 7.970044062451406E-4 1.1566300500727878E-4 0.09667436532711297 0.020346879502795907 0.011939860898249239 0.0319366818569877 0.03303226133061509 0.24020470302409974 0.004337632403804356 0.013100531964344363 0.004808225913749834 0.01868206991952146 0.02843081441409922 0.006861804798373648 
English/CKTAUS_finance9.en,0.011927273493769553 0.008706832273116015 0.2055927216245568 8.915329443289653E-4 0.004577584003937332 0.13933084722783814 0.007935523788041608 0.003249990764463055 1.6294048845384314E-5 3.0516582596067496E-5 2.6976837924063764E-5 0.018446684447528557 0.0019366263166463139 0.10025165045945081 0.012031880629917904 0.0036865384296212145 0.007681235405244967 0.005669122516162417 0.09633782731575835 0.0024716239649259773 0.006649736074069526 0.009764035617899378 0.07859535880164592 0.2559904611066616 5.0509025153258E-5 3.9557076324452334E-5 0.010567244150813615 1.4880155934076129E-5 0.005220968928451795 0.0023079659883658834 
Dutch/CKTAUS_finance9.nl,4.701187752231224E-5 0.026676852788232265 0.28507911985420487 0.012617115229239835 0.0022048699391674525 0.07339507109101083 0.024352374038379473 0.03541650054927248 0.0016076752549221793 2.1429315080804149E-4 9.704695014212053E-4 1.3506783472772677E-4 2.9701323033536216E-4 0.011767711894830665 0.011029085999996954 0.0014725511043577632 0.004102717503058092 9.426408593767547E-4 0.09083041613206877 0.01837244264959518 0.00863698747619044 0.03370689475429851 0.031236092999000785 0.2426513405996132 0.00483734648247654 0.015493487644712162 0.0037666202780032823 0.019630537236147463 0.030589217024520325 0.007920475022501292 
English/CKTAUS_hardware1.en,0.010253563101585603 0.0275703777319159 0.1365539970988002 0.005314724306630989 0.005344913037430338 0.12648188448434092 0.02061801590841207 0.009265264628958606 2.7927456876384136E-5 8.682777837106365E-5 7.544785179357232E-5 0.006278331415211417 1.2671051125338168E-4 0.07749168012762354 0.017478506175221085 0.010280336019340952 0.03850056060620187 0.00296563687462709 0.21477604516454857 7.615657220156134E-4 0.004955153010406905 0.013609808843497523 0.06125652979162664 0.1597537355680168 0.022250963515251927 3.1401072756925873E-4 0.008980796149453355 6.079613285810466E-4 0.012575746280313405 0.005442978784117945 
Dutch/CKTAUS_hardware1.nl,0.004427668806298531 0.024175450449879295 0.11560700301489947 0.007830006923762015 4.289840949163676E-5 0.02581179438911167 0.01576056626511107 0.02604094070730967 9.159794174752777E-4 4.076588456706774E-4 1.568624498446156E-4 6.777008178927068E-5 2.3598518641534635E-4 0.019886602980098995 0.003756077647449362 4.141393656242325E-5 0.025254791717339523 0.010646228828855391 0.24093734214700663 0.02101154494830034 0.27713316209862304 0.03416594927959462 0.010790593803942717 0.08444146362668517 0.0011366169778737405 6.489015911558383E-4 0.0070441187590098014 0.008934425790648202 0.027172881430565354 0.005517299489223744 
English/CKTAUS_industrial1.en,2.9119409617195337E-4 0.01709452613485457 0.13106342910057792 0.006640412805885848 0.005857511134245476 0.10686971576987843 0.002741368804689912 0.006881876844533441 0.0012427473360590558 6.447752043917743E-5 1.6971405653219346E-4 0.0011461761822638653 1.6168295263277823E-4 0.09027382482861375 0.015725630535572462 0.005815887836849241 0.03472961525545971 1.5602487666014972E-4 0.349727359018585 0.016141542431138953 0.002438697802847286 0.061077982796853884 0.03414178348707504 0.05976653104148441 0.03174422434215166 0.0020592406033187356 0.0041080622843231605 0.006039438496055593 9.890866521300219E-5 0.005730412959027714 
Dutch/CKTAUS_industrial1.nl,6.309405383657283E-4 0.005736117932308745 0.053856647096845435 0.0018726988379983303 1.0137291396247977E-4 0.018089767640288777 0.022144554066940696 0.04410627712038156 7.932085136371263E-5 0.01435485621301406 4.834577092363623E-4 0.0032455333498823047 0.004966903102240532 0.0011094463997938038 0.12503665874295103 9.323091377032769E-5 2.5699868900403474E-4 0.0027858007012674423 0.37662068024924245 0.021553019807220488 0.133818889266926 0.030986816651587316 8.078374143933934E-5 0.04740788955796875 7.041983120976743E-4 0.0058531819735498265 0.008882723962967852 1.077475537495595E-4 0.06645438394562041 0.008579102158008398 
English/CKTAUS_industrial2.en,0.0014936172674033812 0.011817116636872446 0.13001707396347176 0.009610125633784064 0.006003599649338407 0.1121327628488828 2.155243290693133E-4 0.006409273002568233 0.0010545135566711833 4.589293392860872E-5 2.726454925967795E-4 2.1932462568546434E-4 5.7905701782426844E-5 0.08884638017426083 0.0201157831643977 0.0061132662329436375 0.02817179204989582 2.483228008494076E-4 0.35326198527858244 0.019982941273906214 7.169856049133512E-4 0.059411278031511056 0.03550726128363278 0.06297847837114641 0.030723926465747547 0.003172161881106755 7.61217609158998E-4 0.006684757763440244 1.1654808567712641E-4 0.003837538286769133 
Dutch/CKTAUS_industrial2.nl,1.5772383766421416E-4 0.006470686962581202 0.06202104916717316 0.0041431240872308 1.3909532969817427E-4 0.021286058989938336 0.022666810862808733 0.04559592363045763 1.2100022519318363E-4 0.01836753341801683 0.0011220107273797123 6.510882251054487E-4 0.004132208253874116 0.001272322366534603 0.09579020539768367 2.1621513037320788E-4 8.449068505456636E-5 1.7055762060910306E-4 0.3884828608084977 0.019337378491072303 0.13493357352897373 0.026749298627070275 1.1557420548891034E-4 0.04258636787217466 5.682873513393233E-4 0.0029583745108882394 0.016518113541080095 0.00228565704971183 0.07504262624133803 0.0060137828549819295 
English/CKTAUS_industrial3.en,4.661511243120003E-4 0.0118363313549637 0.12911587371004743 0.009961223835898987 0.004554799009905112 0.11200331633128427 0.0033916110910257344 0.006529615724875384 0.0017544454632005238 5.3551715215388686E-5 6.870309636177526E-5 1.0199385752658927E-4 5.0673269456476847E-5 0.0953125646189526 0.016858449045177026 0.00695593061498132 0.02765257627678671 6.898559956846988E-4 0.3494028806076128 0.022289054196043795 2.564849882468893E-4 0.05791932861809437 0.030925662701506648 0.06421858678028348 0.03078712803754598 5.589924029464343E-4 0.0021575487849526324 0.0076960626102510095 6.0735943654108305E-5 0.006369868193200542 
Dutch/CKTAUS_industrial3.nl,2.7513622192253E-4 0.012949951307737484 0.053837637367424036 0.002774516200829818 2.2548574354760997E-4 0.01760824509759 0.025788061735099406 0.049533684941617195 1.2459039134705873E-4 0.015623467373799547 0.004185049515480517 0.0037624420703563912 4.4349280746456806E-4 0.006354744041908371 0.09644710773019116 0.009440372297502874 8.003234209814958E-5 8.345361624024144E-4 0.3783431584087072 0.018609286127593282 0.14364893555651395 0.028586799092257524 6.754181252429533E-5 0.03497604729047258 6.749718183979339E-4 0.0019335604819833835 0.007403594244766942 3.6466782706603E-4 0.07638119604372583 0.008721687947665268 
English/CKTAUS_industrial4.en,0.0016182364170706396 0.01080170280395273 0.13048844186240405 0.007569095154801855 0.006277299786494209 0.11457148293175012 4.128152266735125E-4 0.008596070061362975 9.545216999629065E-5 4.385582130136255E-5 1.6979963878023657E-4 0.0013452764950936727 1.7738702977292047E-4 0.08329134450569568 0.015300394630336835 0.006485188263315102 0.03278959296528898 0.0010695171601601435 0.3492981973683752 0.019682525427388346 0.0033938492426023184 0.055014547105392636 0.03999206931255132 0.0636871181307398 0.03693105793591226 2.6554994655264514E-4 0.002614185281827918 0.004007816669360467 6.582393638253359E-5 0.00394430671865695 
Dutch/CKTAUS_industrial4.nl,0.0019089054312784377 0.009979166282351579 0.057714362936685734 0.0021142336073136196 6.76437062367656E-5 0.01404896419980928 0.02510922919455792 0.03745135449606206 6.104479847476894E-4 0.01667160359728439 1.0326826199315197E-4 0.004233890567092157 0.004453629754876651 0.0020440016622127032 0.12883919080356157 0.0018101568326279818 2.2780029936329016E-4 3.105063131962406E-4 0.3896882967238562 0.026826728826228614 0.10042582627267437 0.04069780935810705 5.9737239042815884E-5 0.05053252234610424 0.002109575240174671 0.006775093111275192 0.012112951884504466 7.47134908008232E-5 0.05974352520385023 0.003254864372124178 
English/CKTAUS_industrial5.en,4.583625288533642E-4 0.016065970229250222 0.11285154030221965 0.008492565410697178 0.00885788845061019 0.1181717927486981 0.003990539782881717 0.01052524441796832 6.256325593822347E-5 2.8589169564957012E-5 5.697954067416825E-5 0.011025745100603581 3.9368451430157105E-4 0.07925469668917401 0.011087635472669296 0.009113824770879988 0.02647698103456217 1.4133858175034952E-4 0.3604091108039256 0.01839843274647166 0.0022527277625097857 0.045762402946905374 0.04185412300794608 0.06618117737103016 0.03819629824566556 1.727823305292997E-4 5.519641814583048E-4 0.00703691127644158 3.544253791876285E-5 0.0020926847878945994 
Dutch/CKTAUS_industrial5.nl,0.010040598346834236 0.02150017334232882 0.06469183093536417 5.534361166755606E-4 5.658934377234466E-5 0.012150289677334525 0.028578064942935116 0.05300615552833016 9.60514460212086E-5 0.006435062490145021 1.989127433931832E-4 0.004697205733467181 5.175044564730678E-4 6.309729147685502E-4 0.10664136419034635 0.004711422513419234 1.2094864308918177E-4 7.731383958482849E-4 0.3709621288810178 0.035109469288034253 0.09575643924413553 0.06587426087255224 6.347662907705327E-5 0.05133379452412132 0.0034017470301128607 0.0031875193547321453 0.00487497156239284 5.864314394871203E-5 0.04764918762311106 0.006328640086211839 
English/CKTAUS_legal10.en,0.005965578748155845 0.019251281092910105 0.15967044722288057 0.00700558604731965 7.457992418073158E-4 0.13277513029430396 0.023828691519110882 0.0025698751104357657 0.002701284062598766 2.731162554972322E-4 1.9149267997488973E-5 0.006019758363948289 7.142231550922544E-5 0.12976894777278555 0.012161550968653654 0.006449269368786965 0.003716418636715867 0.004446028450876132 0.09177341005938185 0.012386095129550712 0.01695801296627396 0.02711417405972528 0.07342292256372929 0.20485912731220415 0.005166461712342414 0.0019463680340934709 0.0478755719686885 6.297025655945066E-5 5.469560062309933E-4 4.485951909145231E-4 
Dutch/CKTAUS_legal10.nl,6.66658087805161E-5 0.005512706832781572 0.2694328040671521 0.012525067250536074 9.889128457539534E-5 0.04879861348555112 0.04256736164354232 0.030694365761624053 0.006710975967502007 0.0014817819653855382 1.6728598064630448E-4 0.009014644757207107 0.0017083929391123677 0.00894161755001728 0.04470447604742285 0.008511729402441234 0.0017140605161567435 0.004321357088084556 0.13089950579729168 0.04426809967434809 0.02047751616695795 0.027864187753733675 0.018303303488183743 0.18082775310275626 0.0016435048553871468 0.024776302335931005 2.3365953564319285E-4 0.014034992216665073 0.03644623908889244 0.003252137635683979 
English/CKTAUS_legal11.en,0.003716341395298497 0.008707361705429125 0.16652452828549524 7.344695574245072E-4 0.002228136600821594 0.13343195135309865 0.010806765097086272 8.891423414808547E-4 1.4965195747492959E-5 9.912694146204804E-5 2.2431696898037097E-5 0.012206569635484218 0.0036228315983040096 0.11570888518140196 0.016614502175604007 0.012929455071522138 0.004721813786157236 0.003640113875851924 0.11522305772299525 0.004908596671796591 0.012249078737483418 0.01566208096767865 0.1019155620457994 0.211522962868265 8.29526672841458E-4 2.9089110154337033E-5 0.037956623685255445 5.384319346703922E-5 4.7695107164193423E-4 0.002553235758040492 
Dutch/CKTAUS_legal11.nl,9.212723493897568E-5 0.0034246695506177627 0.23177119903523782 0.012929121464388833 4.6718897235413545E-5 0.03413663355182778 0.055517969068923465 0.03801725411504719 0.012594995953094676 0.0025863874039163694 0.004075169256812755 0.008326713487598529 1.6513769110966135E-4 0.01369029672622649 0.017829928902439354 0.005019183781929722 3.087149266371332E-4 0.03004122526362882 0.13317998766980402 0.015868778142211 0.016969417937888694 0.04632085544227013 0.019864898024715614 0.22008383058459863 0.004749884418494041 0.01124040322001485 0.002068764683056449 0.02164239080908079 0.03409138361102925 0.0033459591452203244 
English/CKTAUS_legal12.en,0.0014427752421855879 0.013067743636705592 0.17816072340629166 8.055325122860176E-5 3.71343412896193E-4 0.1263863867744615 0.01013127160070801 0.003726405611883949 2.2769690362026956E-5 6.479147619268741E-5 2.228932827934536E-5 0.010996484340576373 0.010282964077159689 0.11110519393463542 0.008667378650637866 0.009444862316721592 0.002333243241176975 0.0034843282430844546 0.11528662637441424 0.0011376914310160266 0.012689931269318213 0.020004343113605494 0.10098895673875477 0.2089521998736401 0.002169822277866743 5.31028161907624E-5 0.04092556661669929 0.001101316388184366 4.518004440424818E-4 0.006447134421067154 
