English/CKTAUS_electronics1.en,0.03659513605287641 0.023418844215461032 0.024523418671192256 0.00898223747739459 0.02717865824336299 0.023105780463749163 0.027501293660277128 0.07584939465649912 0.0028531181220724025 0.023755835559139682 0.02075140647799412 0.011960746618718971 0.06313358016377722 0.025932152842829525 0.030805623774926266 0.014314994347345471 0.013209390824598766 0.02985160478961176 0.02123884635543226 0.03032173713183705 0.041154984141440296 0.02483279899519195 0.05247590910200489 0.036000657243716656 0.09518770711295256 0.01995438254759233 0.039756986105410015 0.031112883682843238 0.11666690217028108 0.007572988449470841 
English/CKTAUS_hardware1.en,0.033142844765892174 0.02165060185732169 0.015904922503242765 0.015222695849107909 0.016481261593080575 0.11139757562194219 0.026328545265326134 0.06004332143950104 0.0035250629276609127 0.08091117670009895 0.015414907714650383 0.015804814115331668 0.09453840535647716 0.023405616868903467 0.0218509106057988 0.02009209520557487 0.019503240925898804 0.03197760623283798 0.012696703385080743 0.019114426570885565 0.04971303120078123 0.017558637101341663 0.03306142629950124 0.013090028216433194 0.04661447502998891 0.010924932426122847 0.04494744825691843 0.034709430612625054 0.03529412893229772 0.05507972641937619 
English/CKTAUS_industrial1.en,0.022725137168015604 0.04018072527947787 0.00538301078745591 0.011231847798960703 0.05314112040333124 0.01620057851133189 0.03940147093115399 0.19108325799755577 0.0035264374559084194 0.02186831163058228 0.012009029809495142 0.015616011823297936 0.02360798497286162 0.0171758613356734 0.021079570673164644 0.006549857682983302 0.007715459378663533 0.022144339469142262 0.02927368475978974 0.02233880343860114 0.032283042468334376 0.03043317805046969 0.028297673846788177 0.05208814546578724 0.0897199308418239 0.010539262255920358 0.06982302044253537 0.042326602410758314 0.05178243919146761 0.010454203718668701 
English/CKTAUS_industrial2.en,0.021308306728959638 0.040481491317787735 0.006216720025032263 0.012702413354525781 0.05248032691241683 0.018991756246443753 0.03903004655784199 0.18897701674597414 0.0024370247481458242 0.021425484080212245 0.011828525901187608 0.013474305956173315 0.02334663840056804 0.015507299076798533 0.021416665280734836 0.008827480653855014 0.008532911862500612 0.0247972871460353 0.029166455456325117 0.021311878063795545 0.028863533188717868 0.029640245607579167 0.02974609671280687 0.052693131280066086 0.09761327131223603 0.01211145810674209 0.06139851242731036 0.04387085232167301 0.051421524757971446 0.010381339769583072 
English/CKTAUS_industrial3.en,0.020352248358462003 0.04163231499993439 0.005152466347261102 0.013270111891041216 0.05441087040585941 0.01448035467628409 0.03332852432475805 0.1851388947486102 0.002535638815658782 0.023824265702885383 0.008322248976486918 0.01466728418517381 0.02399651147510976 0.0202658597663767 0.022322844786303375 0.006082724268276644 0.010370861588277894 0.02604793001775086 0.028953022096235844 0.020822228408619362 0.03603233364182678 0.03454161811655955 0.028671964680284212 0.050603766388349056 0.09268884148043517 0.00999457752437124 0.05946133375810605 0.04937804781553956 0.051337535838672295 0.011312774916490392 
English/CKTAUS_industrial4.en,0.024917044467423533 0.039486497690798664 0.0061438091962749295 0.01289741257738118 0.05446615496268706 0.01637668749323811 0.03885399162224777 0.17213346992174638 0.005189297483657581 0.01681367607577962 0.013000040309048489 0.01743231308095951 0.027772232684903086 0.01933193866321854 0.020603034420509442 0.004241136849250435 0.012045600277283415 0.027243074034218665 0.028523601131487407 0.023126978700780974 0.03283656736386045 0.028406927294986832 0.029049952693096688 0.0497383684089675 0.0850937313308037 0.013941632363156509 0.06872570872567452 0.03832706623077433 0.0635480522161413 0.009734001729643496 
English/CKTAUS_industrial5.en,0.026627329032955473 0.03885399844734845 0.006132843689298176 0.011414276042972888 0.06629228987036315 0.014932254450426525 0.04123651963890943 0.154737062562807 0.005092564928476264 0.011943620805412414 0.012654149520064483 0.01513972322135312 0.029222174530686103 0.022803292223856148 0.022807975066245375 0.0046798782057773484 0.016584815895647437 0.027149481437823742 0.031202255580941196 0.022178074310435055 0.029221231266931734 0.030880636852824158 0.02757639987885797 0.04653288878968785 0.08961755136395606 0.012853270322938471 0.05905625666568054 0.038441098935101344 0.07561913303685182 0.00851695342537036 
English/CKTAUS_legal2.en,0.027666277138498143 0.018572119135002355 0.020975066132254448 0.05879494328491946 0.05638978560496257 0.036674230244274984 0.019542147996249485 0.07601757572131507 0.06872122022846486 0.023658494419621562 0.0043957753974280525 0.056854251685916964 0.03838222328076598 0.05265209816691244 0.012109741902799839 0.0285930719167483 0.03671844785037248 0.024158676269873273 0.017376698650591205 0.010443518645291777 0.040875424535900144 0.015293802619235339 0.02448757716018006 0.02255033585570907 0.04000736003848105 0.06156079872908081 0.025918052837608292 0.01778768757033745 0.041015328191017594 0.021807268790186914 
English/CKTAUS_legal3.en,0.02683306402864033 0.019993009362611197 0.012943656613773875 0.06998076066272307 0.055248969182220935 0.021237851554783468 0.026008269562792355 0.04495079564913346 0.1295037988873367 0.021178464589398174 0.007479933020950013 0.048754205576002005 0.026629560312408988 0.0486851610751963 0.008451145492897948 0.024832958036673233 0.04598559800264856 0.024208802695685316 0.010321775389356054 0.0293245100172202 0.039557359324332186 0.025731796640323195 0.02421726703908564 0.021455184914572028 0.04517132886656068 0.0491635904016547 0.03693671882262982 0.015361793146548565 0.022621093377534925 0.01723157775430616 
English/CKTAUS_legal4.en,0.03033977520761784 0.02734469142506591 0.03210975004328462 0.03252365317789574 0.06853512003527171 0.02951891427336573 0.015338604444205957 0.045043813807699416 0.06833227621610931 0.017423273293166314 0.00830033616772782 0.13799386127890942 0.029724582615407114 0.05094520331174502 0.0042685442388253 0.02330858949980348 0.0917218036205561 0.010367410776027286 0.011209392305233877 0.014093105371542673 0.034588435751382755 0.014717672976587836 0.016693967144796894 0.024875990692836723 0.03823204864859829 0.028993600525469974 0.021349401453165235 0.016270857114275793 0.03231436603091988 0.02352095855250608 
English/CKTAUS_legal5.en,0.027435706118117114 0.02179366682113443 0.018202973357544738 0.05662987928078091 0.09079732125160024 0.028100805408678868 0.0193741021224751 0.060147003438995504 0.0893335957177997 0.01747772292308655 0.0056607658003910676 0.07415477624772543 0.03315989590261284 0.05956141624877786 0.009917644811411452 0.02091411536373657 0.058824619010609876 0.028758799763634452 0.010581849128858543 0.008224915413745969 0.03491924286729031 0.016954156928242016 0.01366098334619013 0.024151299929665672 0.03779406942164676 0.038875383069029774 0.019012697789054192 0.018054584051977515 0.04086146744948616 0.016664541015700345 
English/CKTAUS_legal6.en,0.024838579970610536 0.01899840838713928 0.015165548166160883 0.05072612518404435 0.06879931202084863 0.027671993468378227 0.018450903201810653 0.06633630072386755 0.0761506519309134 0.019050755025709538 0.00671916095692083 0.0482142318720986 0.03292104445240722 0.06734125546434573 0.01388825069621213 0.02150939146550784 0.06313938804723951 0.027944635968587095 0.012840935559268204 0.010917295660768263 0.035659573272234894 0.018770493624417958 0.016172762981331693 0.03297383992676267 0.043246534199106394 0.04410222893387434 0.02904476666786184 0.023244363225746877 0.038947660223476746 0.026213608722348087 
English/CKTAUS_legal7.en,0.023930397935082864 0.02809025645331398 0.016107211416553312 0.060065636902666426 0.06771263040318898 0.03622769178764964 0.024906416251004856 0.05493392145692068 0.06360159623010679 0.019782666639158713 0.005757570247747762 0.05413848814327527 0.036315565088161646 0.06652121641651541 0.015665822520331142 0.01920154351222155 0.05630342871937725 0.022340199261100847 0.016022145111958184 0.015927517953909193 0.033573285405943065 0.0170788454336144 0.02093045134169295 0.03508422138518092 0.04428437646965695 0.04210613489079887 0.02384821986619609 0.016504187719089153 0.03857188829226122 0.024466466745321852 
English/CKTAUS_legal8.en,0.02475581499262444 0.019053953838414617 0.015237466547874222 0.07691132886166754 0.06765420955745347 0.028127867030823324 0.023591061474154587 0.052563400412573284 0.06554482130733422 0.0218904471842536 0.003961487016228012 0.04667960399111275 0.03836883696278072 0.06630930725782472 0.013621241846284595 0.017167631228297127 0.048070037394268725 0.026374790446656273 0.013399218214039558 0.010967310499449962 0.032259431115663505 0.015999780819500146 0.02157394691048271 0.0322668723743104 0.042554970339862476 0.062263000732148535 0.032937458137428835 0.017033175882224253 0.0337880120694962 0.02907351555476718 
English/CKTAUS_legal9.en,0.0493429206153512 0.02035508374452869 0.009433522465321012 0.06068565064456911 0.07564278482218292 0.030502277224822974 0.012020453540748932 0.0719176651074716 0.06539443203807688 0.02025913956600435 0.004928058821699987 0.0413223582987827 0.030760454322970532 0.062185691707624655 0.016164602148938643 0.01792222091688673 0.03909388066787373 0.017040686488955528 0.02274234201420584 0.011035113352684587 0.04209758827763377 0.014971390334073627 0.018237732121530997 0.028076524756697877 0.04184918848483871 0.05783288575150975 0.0457263678196198 0.017767259236013983 0.036456205366202955 0.01823551934217788 
English/CKTAUS_pharma12.en,0.154907895543105 0.0159603305862565 0.008197075761831324 0.030038249192126235 0.04355318203837594 0.026777347859695023 0.037802016748835966 0.03766260685639946 0.059018196564558624 0.019021345644716692 0.01381141178132169 0.033711313326636044 0.022824220237287907 0.04307194301303371 0.012705333044687888 0.038079366198142874 0.030726631150494683 0.016374848521690927 0.007855690676518555 0.012075578382758708 0.017484615195312938 0.014019387868145551 0.01492725383538726 0.035870490842453924 0.054732750592374334 0.1134437822116105 0.025256940659086884 0.02192423715688696 0.023935041512388778 0.014230916997879213 
English/CKTAUS_pharma16.en,0.14503574928597332 0.021107905028591677 0.006464909360498613 0.025886544588636155 0.0620169873011647 0.030262043020303494 0.04092811511041561 0.028828489004227024 0.057562747104517135 0.020482805410911485 0.00821376814370483 0.03336660401981063 0.02516678525796069 0.0337646955957565 0.013391398789611243 0.039336170306696734 0.030338260828349718 0.014977187938028255 0.009018107347185639 0.01720550178887527 0.026360019010493486 0.011397616982965833 0.02223028284000297 0.042213057842447305 0.05320035892290831 0.1061918352208947 0.02565115819476587 0.01171645946716885 0.02875029644844059 0.00893413983869345 
English/CKTAUS_pharma18.en,0.15302493024697375 0.030709762152321084 0.0101577040578366 0.028495466684458657 0.035408477975918146 0.029366713813922578 0.032389469209263694 0.035277134936006586 0.047636411236155446 0.01829287482925778 0.009685578297249768 0.03648712784738811 0.02634312026662858 0.03185237758543572 0.012308484691849442 0.03487481790746645 0.023452762726824426 0.014990153076475063 0.006065373481540787 0.01277314559055815 0.02432736098768797 0.029299645436365263 0.016879181208038947 0.07713535187087457 0.047783801485170745 0.07712065808427579 0.02399784446164321 0.026210135364553036 0.03151671176734906 0.016137422720510664 
English/CKTAUS_pharma19.en,0.1700147772513022 0.029187434675669168 0.009217423412980968 0.027303004507218172 0.04420255015204807 0.0262784488938391 0.03665809304856825 0.02958025641946954 0.04459888397596952 0.01669626669946845 0.007170702832324085 0.02454877986446396 0.0241543268328311 0.030603652972939505 0.010791600838733078 0.030210157367607546 0.039013715409719825 0.017469355499769593 0.012683303724262424 0.01078511532057377 0.025018577618105373 0.020695600835046263 0.025185052323427205 0.03360264067496072 0.054521961258858276 0.11465643833137065 0.031552570305325114 0.014484013037860238 0.026593576256184533 0.012521719659103396 
English/CKTAUS_pharma20.en,0.11670611704823468 0.023117940695185663 0.010853350279483453 0.0337645684134649 0.041093308335298215 0.028440481488744486 0.03136121783429977 0.035903845806356235 0.04310796244182079 0.019947142029403325 0.018445319094116792 0.04330383471148533 0.025259317209286695 0.06582578815533162 0.008777652198367106 0.05258499521196467 0.03155314269089782 0.01688569732363695 0.011637167063840203 0.01026510290902157 0.0201312691537629 0.014551014471731684 0.01910039720113853 0.04506535588826329 0.04753407637134559 0.11235714263604965 0.018709497128550696 0.01416195714204532 0.026688549730123065 0.012866789336749075 
English/CKTAUS_pharma21.en,0.11837181154862456 0.026946574919859023 0.008490853534900054 0.03621418501228303 0.044467698377817486 0.025510538322267073 0.030681782066013998 0.034559425829058125 0.04109494194246813 0.026095244719393503 0.01610196168541356 0.04131169112585275 0.02816703145826761 0.051223266553328616 0.012657927524907658 0.04396891175932308 0.036639948837985103 0.016961712261006352 0.010435547727555127 0.01222106983749307 0.028022732629287988 0.015096412029138846 0.015103125130330708 0.03729971014983832 0.04979939328794669 0.10336053495481255 0.02824498003382304 0.012870329244560566 0.029820420084803498 0.018260237411639957 
English/CKTAUS_pharma2.en,0.1367937581191789 0.02258258172817177 0.007862129311170021 0.02997870311448145 0.03165954997652909 0.02589072063547885 0.03373859731943341 0.03399734240764858 0.04722813304870003 0.022527239412466128 0.013827226409874757 0.05358539571207039 0.023944131954296163 0.03899238384075108 0.01973242768972644 0.03347916463718817 0.029325452199427775 0.018365389261383733 0.010461416824101455 0.02562917560682137 0.02160864556966684 0.02634482776916948 0.015908717821032706 0.03634220404220976 0.05612630583577104 0.09930534012550779 0.02291193279658171 0.011557524951957724 0.034452494478415176 0.015841087400788174 
English/CKTAUS_pharma3.en,0.11028296291441028 0.018020639680135633 0.006936419327276958 0.01906498636316797 0.03907471554639337 0.031265852925958765 0.03446547460162506 0.04056621741579589 0.03952416595664675 0.02234727449223716 0.013333454815540569 0.026429523552601662 0.024196038692358677 0.02732252911154511 0.021745224410436723 0.03721860501666133 0.034983140013234076 0.01392653267932248 0.013415685080466597 0.021143815915345837 0.06162305022226443 0.01564009299971907 0.018325769166021372 0.04653036496608773 0.048095645163912785 0.078137881135606 0.036926311751764355 0.01943537209854353 0.06661065429947617 0.013411599685443745 
English/CKTAUS_pharma5.en,0.14751381781104164 0.019328586575196312 0.0046458154898981014 0.030978181053425 0.04182336833051376 0.02764831764385535 0.029601585737152197 0.029745502416089684 0.04327311989975463 0.02244990207948363 0.006741657696741458 0.05050860119211376 0.029311241783652842 0.03452113746193265 0.013906967742784796 0.034303809290709066 0.025909040688827788 0.012743902627891358 0.008847176806880856 0.011947769886324969 0.022004051169349646 0.0152056223390293 0.02251891570024018 0.07178726107791351 0.05204054089835549 0.08935051749401252 0.02721949731454165 0.016218821058265935 0.037415020257711436 0.020490250476310548 
English/CKTAUS_pharma7.en,0.10884689306520721 0.024142403938578253 0.010936950045699816 0.06797537039970628 0.03837996417938506 0.020969919668544074 0.03174307766040753 0.04096585719608926 0.05070561487349876 0.02282503714533247 0.010049373809972237 0.0450990065018255 0.02856917644942225 0.03993390942399878 0.014922945919281085 0.04000738939411883 0.02576303908330416 0.02008243401151735 0.01042607241448301 0.010415761743566395 0.029527754802333665 0.01536210734775332 0.014040811296741125 0.039132483013743155 0.06082897114031398 0.07726499417786803 0.022598602241619328 0.027758995054750754 0.02886584604634143 0.02185923795459698 
English/CKTAUS_pharma8.en,0.11055066628144503 0.024194791617678117 0.008727703140324509 0.04950486641719307 0.0426647800933436 0.025246567327888107 0.040491139871026 0.03523360758404645 0.05693608796297815 0.030739181459385822 0.010828245770188545 0.03628596591782033 0.02779886379666358 0.03493433318145874 0.015713094555725265 0.0365861362046374 0.029523863982826266 0.016007671707491896 0.014816239440746122 0.015406515861132543 0.023818079704824597 0.01706119385125505 0.01571648085374738 0.04125284498743297 0.06205721780043115 0.07991097512546018 0.0289317127267108 0.01758729528705149 0.028401176094926577 0.023072701394160337 
English/CKTAUS_pharma9.en,0.10826288339890348 0.027314188730831877 0.008337702880136194 0.04001818777679028 0.043588873823214455 0.026146657951186942 0.030526497570842984 0.03913933497225347 0.04023396526956207 0.025426984304559332 0.013518377501753262 0.03629344625930496 0.02366382188491362 0.04016236833677392 0.016003759033912213 0.04162199726770822 0.0293554138680833 0.015779123523444856 0.01119015576556186 0.010085005123879444 0.02563406809977598 0.01804413559438543 0.022503757608901397 0.03995351530386069 0.05010269928563513 0.07643590092361674 0.026370926481087967 0.018774518545522933 0.062499569521368176 0.03301216339222889 
English/CKTAUS_software1.en,0.07390824854528755 0.019206519760258063 0.009537395660775138 0.04369111706928177 0.034390680375488376 0.036208294658737705 0.028576618851798 0.05358668325240963 0.03635832337686063 0.02564033588234268 0.01565571431436973 0.03311052666012706 0.03205142930934918 0.035981964695660396 0.02215762192518218 0.03462154125834861 0.026835457129120173 0.020867232209247702 0.014152426254337004 0.019960105463370882 0.028650472320430793 0.02071829758118647 0.02178322156651046 0.04339748767419584 0.06652204962536327 0.05093711135354733 0.03515589714206816 0.022456643208014125 0.04610742548712679 0.04777315738920425 
English/CKTAUS_undef1.en,0.047673609003308436 0.019445118870903562 0.012688665247587716 0.053946750645282246 0.04330944531547133 0.042750049204438596 0.023106690888145986 0.06337842268183094 0.04148171377366482 0.02332780248426902 0.016066156546319304 0.05556425686390036 0.03880637470502474 0.07133539051386564 0.019378628309449013 0.027049451189734126 0.050632580218260455 0.022400659768708035 0.02177647806281278 0.014373964748864758 0.0331732189561711 0.015432462249202656 0.021705215346082826 0.03086147021071581 0.042692298503285854 0.0266216829559801 0.026772880529528777 0.020361313522161716 0.021347026025582458 0.0525402226594468 
English/CKTAUS_undef2.en,0.03274577484152851 0.024551522378035557 0.029201890255637977 0.0820853103932544 0.07993176885710948 0.023202229212748768 0.018953581967952892 0.04139604068857561 0.05549141785770338 0.021609777308567224 0.00705737558878121 0.05219334081694737 0.027450252763586917 0.057941611204450724 0.010008846447371154 0.01840375386322824 0.04624290841173717 0.021901264349121978 0.018209147395385115 0.01010469260764779 0.02545042209595549 0.02485179070721454 0.016159179708004765 0.02575860877500051 0.05690068935781009 0.06743465157883709 0.023555734287944552 0.022152918702031135 0.026751498054476564 0.03230199952335377 
English/CKTAUS_undef3.en,0.03300844769795407 0.024644089491800938 0.025659816390101512 0.08406010099249542 0.0917052082229594 0.02223563376400556 0.019108575152352064 0.037532545146400434 0.062379969446252855 0.01632549508054245 0.005248069000269082 0.04636500262365203 0.02984149609733775 0.05452082159707168 0.008123624478106248 0.013192477705779347 0.045855972010803624 0.021980927772492182 0.016070517802269015 0.01120496143467441 0.028066281930159725 0.01775636768456199 0.02109868678194945 0.0223684739716738 0.0588385188733689 0.08130891641376678 0.022027400239326072 0.026799786127068664 0.0310255835828024 0.0216462324880021 
English/CKTAUS_undef4.en,0.03702157210919812 0.02346123141384134 0.024798184992092142 0.08439187662091799 0.09344427076282161 0.021124460104115096 0.019371724277267674 0.03719097876091158 0.061562465560286155 0.014912230454140562 0.004473353517581109 0.047541153924764594 0.027133370978629515 0.050295541705259614 0.009441495816533384 0.01340400383778999 0.04570301976475313 0.024169774303950873 0.017748615183446444 0.009897109247936202 0.0273416524220654 0.016909560760181006 0.02029377863547136 0.023467460790636035 0.06365718701956652 0.08280167881395656 0.021377871645817597 0.026925553280810366 0.0300972222761349 0.020041601019123077 
English/CKTAUS_undef5.en,0.025318283693312654 0.0172731570144487 0.01597043284347152 0.04505097584929143 0.04033104580454944 0.036926564170649205 0.03982741193403125 0.05367801461367118 0.043887459858516005 0.04150556746265891 0.0056704764700434675 0.02314795714021106 0.026337662830009493 0.036419262623242944 0.02235360939471623 0.024163033665619237 0.02865617434354872 0.021477757605203006 0.015903457445190176 0.023000310507525972 0.03010805635935317 0.015895797113392313 0.06267814999954585 0.04658217143584086 0.07066152570578836 0.028581280509923857 0.030622544583579756 0.05723276452966973 0.0446142605897327 0.02612483390326286 
English/CKTAUS_undef6.en,0.036649716311002487 0.00959195217330882 0.017688152282957583 0.0400233617256973 0.023825515564383327 0.02480199658395038 0.029079300948607403 0.0732705720681105 0.02431988482360664 0.03865065489321368 0.005793806774575964 0.02005130661667353 0.024320595575398035 0.03620972637203021 0.023875257843769985 0.030504989596764488 0.01717815357067286 0.018610984179141143 0.014397884108741727 0.02336083277651168 0.044275891087989086 0.015298143841593982 0.04908383192709092 0.06811607438551645 0.0785883135649036 0.013835995473475655 0.038142776564363164 0.06947697383996503 0.051893647167899834 0.03908370735808459 
English/CSTAUS_business10.en,0.02308840062187687 0.01451533466396174 0.020665020176248057 0.031448432288618905 0.02911961636841753 0.02808239646556466 0.029357929044873044 0.053938552746079525 0.02239906239833678 0.026127560785274815 0.015327899414412887 0.03782276680922153 0.024370422162720104 0.05254884176912532 0.037712211304201264 0.032720541343977005 0.03503460179416841 0.047095367027482314 0.00954248058133641 0.02286077414191364 0.025296983129843763 0.018574499298738334 0.04606599384746218 0.028330947250883608 0.06462816262931254 0.018217746706355214 0.03725099989494623 0.06368054159871996 0.06205724867690343 0.042118665059024056 
English/CSTAUS_business11.en,0.027830186710902233 0.02126509059680475 0.015048888153180232 0.02619865988823336 0.027714544610936056 0.03875351410557403 0.03229836276021091 0.06656842090144495 0.02548928962458048 0.026094377047340283 0.01610183246221437 0.04145336154980203 0.02372895303354937 0.051781854655616 0.03218679352713151 0.03018574850920319 0.03534487428529623 0.03921976511326782 0.009893693123967207 0.01938405851983695 0.030769932507356455 0.01621913922447196 0.04885826740906323 0.0346625021793342 0.060604961556157 0.017853279108066875 0.03770569369818633 0.05342529748012775 0.06070211839503763 0.03265653926310673 
English/CSTAUS_business12.en,0.024377266797536434 0.034843755843060494 0.020575262244881966 0.025127703690821037 0.03409946306445379 0.030414914303531174 0.030538019855409004 0.055391376708927326 0.022169259397713664 0.028340535903802186 0.011835692233503163 0.030538371826702288 0.029305930416254754 0.042719779683407975 0.02882149816695432 0.0395201503540443 0.03471619107342893 0.040378012977118835 0.012709925785396921 0.017245319194911877 0.035826082293527954 0.019341244218467238 0.03399484744101094 0.02870997847594841 0.06575033790610237 0.01810137522593982 0.03583769824773702 0.056008723233601766 0.07606475182347774 0.03669653161232632 
English/CSTAUS_business13.en,0.020957121325249958 0.036273710843894 0.02390867476067664 0.03199156709541313 0.02500044008706295 0.027211610914248657 0.026354381519187932 0.05305159814925719 0.021943616300713977 0.028820994012733723 0.01839400416553282 0.048521847775501066 0.02231121022814445 0.038601919278664236 0.033586176820358235 0.03419247806991492 0.0384736745647226 0.04839560596748793 0.011793483671611555 0.022308812383633064 0.028066196646228326 0.020965816141232878 0.04240955761283944 0.02931118750102773 0.06005565324100177 0.016057609725813996 0.030282223108233735 0.057462649488955755 0.0644434930420913 0.03885268555856608 
English/CSTAUS_business14.en,0.03318759704849475 0.03340425835167431 0.018290364622187118 0.024484305248126576 0.023320630969302945 0.033614825702480707 0.022591544195797245 0.05062119703334149 0.021120192267008328 0.025125914190836738 0.015662752912384812 0.03707965619833505 0.023220032134612288 0.05041278123469906 0.035614764362521235 0.043903325427144695 0.040959258402010985 0.04043591570629313 0.007799977402232591 0.013979372095084572 0.033087585309782036 0.02007203259774928 0.04212851523575582 0.030375389183598393 0.06628376523336532 0.0151297232095338 0.037191877979951125 0.05492736608367053 0.06773546499996365 0.038239614662061515 
English/CSTAUS_business15.en,0.02961414959605029 0.03140174243466699 0.011820312475390086 0.024394950996268268 0.024719414980895298 0.034740811876090544 0.03318293248409332 0.0604456337435754 0.020940337853952343 0.026632980062812773 0.016490932123640414 0.041751899215770966 0.024835344470140082 0.04787250961133536 0.03619302104586409 0.03652136721196428 0.03340071346028642 0.041971034533797476 0.012607789026557454 0.02004807632776925 0.033514260431800245 0.019829309002942365 0.03886878657764741 0.032419883690506156 0.07482202826136412 0.011919809679554635 0.039311385713480584 0.05254660054405686 0.05521738361875695 0.0319645989489697 
English/CSTAUS_business16.en,0.019353218568874578 0.028676501592681904 0.017360371899564714 0.03552007902087016 0.03032161243038008 0.035634518141193734 0.025021681093940387 0.0566232798282411 0.018534253865296717 0.03777372587441055 0.020894625441011488 0.03480946797201594 0.023251273388311365 0.036932203429060076 0.02207947971000107 0.03304031476787672 0.04789330381007776 0.03834346888299061 0.012770466018996793 0.018178358214557464 0.03692904448265975 0.019597432572725334 0.03635324766023764 0.02940163013111573 0.06949906442243386 0.013810252460102833 0.03729394014655807 0.061578008522941576 0.07030420600895695 0.032220969641915176 
English/CSTAUS_business17.en,0.030107615165679988 0.025689032367664462 0.012305510904160577 0.037642149117470054 0.02933475527734624 0.029783377428155986 0.03266009747618478 0.058548897466215756 0.01727935207484368 0.030020260969164398 0.01573220892477368 0.039409509556962374 0.03608847246107254 0.04748644247956219 0.03709119985920618 0.04073688427971059 0.037412902848227896 0.03807841136031247 0.01054371588625298 0.016834787666319375 0.03144054642828658 0.02004714723017311 0.04251759361704127 0.0234927294973879 0.05845926141769253 0.01185123111210347 0.034106373435430166 0.0574444055767507 0.060542386407034 0.037312741708814205 
English/CSTAUS_business18.en,0.029392322892298237 0.025967982559100558 0.019431207381902255 0.025971760511417055 0.03336119659550243 0.043767820758672776 0.027255340084069376 0.059743152377033905 0.021463622791798895 0.023195883702138233 0.019106462286984878 0.03529746593997701 0.02489495932032913 0.04001547504631323 0.04034199635180544 0.03958612969776268 0.04194045602572937 0.03776032176449695 0.012684277634556042 0.018459404669386194 0.02725291629297327 0.018248612780132723 0.03487839438042679 0.030594630880496743 0.0688775702832987 0.011592482411864672 0.04677785331180284 0.04870091211673476 0.05813668079294649 0.035302708358048475 
English/CSTAUS_business19.en,0.02479133810454101 0.021322856548503306 0.020878470798762223 0.029062885052704154 0.025241454594452845 0.03825317460334587 0.03118985600166591 0.0660570773536925 0.021321872554888262 0.026720925779768756 0.01022413617260349 0.0446442256889551 0.027264245198671686 0.04363532037110272 0.031083277786188412 0.0378047636981684 0.04105134134300373 0.039034919230353494 0.014944838265995365 0.015713991359843284 0.0337660143282138 0.017399570959733105 0.04140310433418858 0.02873931918333401 0.07583254796503636 0.015148627523449898 0.038709750112713166 0.04912934186903471 0.05428676309405213 0.03534399012303385 
English/CSTAUS_business1.en,0.03105770374178514 0.024830610791008085 0.017352543743079284 0.03425867280835683 0.02925825071693291 0.037164680471872144 0.01637832589185252 0.045616427821639646 0.03161962680005659 0.02512809480693244 0.00778681750183239 0.03924378997811572 0.031619834054305504 0.038689668672992346 0.018048085908572303 0.03758047991365038 0.038544558652767354 0.05351286771102014 0.012374397184701975 0.022332517631977054 0.038685956404668494 0.017764229897072624 0.038563607522936826 0.028731428735221543 0.07751525469923398 0.0162292600933896 0.037729005616143896 0.05462628002085361 0.07139404055233953 0.0263629816546893 
English/CSTAUS_business20.en,0.023567290910318804 0.020426315355926816 0.016571849862818067 0.027130911869770454 0.025700925937394797 0.045911073689487006 0.030376944595304746 0.05717994465066529 0.0185978735909259 0.029477434590903063 0.015249042959692339 0.042865498033098415 0.030578635475899327 0.04601308077909902 0.039824305654239195 0.031189189602780075 0.03656594842388598 0.039613392336984424 0.013330633860604842 0.018291445792304212 0.03565424037205686 0.017584194090225578 0.03739214970679249 0.029579224231918343 0.06836758523325664 0.018084057341543662 0.03850668206170425 0.054034255607717005 0.05667408344684897 0.035661789935833514 
English/CSTAUS_business21.en,0.02318574646676471 0.02737657504011632 0.01954891222479114 0.026414819078435035 0.02383101420271874 0.03553060182528283 0.023622379870099013 0.07007424916531034 0.020938727213295833 0.026748624628166417 0.01471815854461294 0.04003679774475105 0.02447918611229679 0.04325539283658187 0.031244685606509646 0.0348869661168464 0.03767168241098268 0.046792245513723095 0.009258064915987517 0.020614941880913097 0.030915115218381063 0.0234079265137675 0.03854468367981076 0.028465406688053838 0.06505237305986847 0.02028852418681539 0.032427188029873336 0.058918803978377746 0.06224457312781168 0.03950563411905485 
English/CSTAUS_business2.en,0.03263920347170809 0.02836284369752096 0.026985563479081 0.03472635706073972 0.03388531786603628 0.039007447773290946 0.01675226802327276 0.04052659741201371 0.02490584632607554 0.02520380333806257 0.012329077743827282 0.03624328625217885 0.023109045287827614 0.042463880696993674 0.022011888955833298 0.033892957939721885 0.035545794729471246 0.05020039743589863 0.013311227219637496 0.018130009628445222 0.03195459373941404 0.016752409996716174 0.03086492970970976 0.02700116380156454 0.08036347406928158 0.0232386787625224 0.03652927869986856 0.04909933751346603 0.08006320794360668 0.03390011142621361 
English/CSTAUS_business3.en,0.02976096250053481 0.02441668502989135 0.027247695000998533 0.03141155401615067 0.025301683311773886 0.035125050596260886 0.01742798026054577 0.04300547156469651 0.01935905237787864 0.025628228445885963 0.011479589397969612 0.03542298278140094 0.02976936072878762 0.03780262777695035 0.03825549903725424 0.04018145417799487 0.03615974520885978 0.049843807778452244 0.010900359267639223 0.018166638989644074 0.034378187082938196 0.014602538248906565 0.036477618874018305 0.028008056095155796 0.0782792814388865 0.02232433506370745 0.031566631928149166 0.052079694869643464 0.08316128462153277 0.03245594352749185 
English/CSTAUS_business4.en,0.02260155729609938 0.0339757276771677 0.022761855440201817 0.025821459392573017 0.03542561669478133 0.0364535204263733 0.018677754519751982 0.039657528959405 0.01954979176402576 0.0255462958463178 0.010518577515392117 0.03193719960082601 0.026398079233117978 0.03980538720582717 0.02742716908962404 0.03237389400194049 0.03644733432154078 0.0466487769226836 0.011116707278320629 0.018381528087389506 0.04504681387497962 0.018823607775271735 0.03938143509045235 0.02875214696404816 0.07581968504892436 0.01808391094174232 0.031655837237033205 0.06107848407112411 0.08337118253396804 0.03646113518909671 
English/CSTAUS_business5.en,0.0247257853505482 0.034141417203913595 0.019971814594528542 0.02047340722277182 0.036894837298094355 0.038406927514962545 0.03163349418410735 0.04906764765378327 0.017457443537050994 0.03641765325951452 0.01658147185209706 0.02636557738146946 0.03075375531412048 0.03313924058100565 0.02511706403373011 0.026616089154789243 0.03940508301402618 0.04680764132144102 0.009946594617930212 0.01983844278478701 0.03175609387208141 0.022602293385570675 0.03440492014999487 0.028264689604445024 0.08659656614612551 0.02259266964485203 0.036283600483518884 0.05985724273776565 0.05759945036796984 0.036281085733004516 
English/CSTAUS_business6.en,0.0197803333148045 0.022432114114063227 0.02256259137768769 0.028227631747099247 0.025699159007388034 0.04131679521152019 0.028979337025258588 0.04068605893548311 0.01827653741703737 0.026605056750690102 0.015257185205885617 0.03552613755947359 0.028599958656317998 0.03112004617487691 0.03188109740377569 0.03879899796135731 0.04458467040240526 0.04521602812659304 0.013256128839714177 0.0165117576551485 0.03527114546770228 0.01626426476132992 0.036670711496013926 0.020688402971470416 0.06714750718861102 0.020031398429384208 0.03931160921136831 0.07203561856917289 0.06901422471761848 0.048247494300748414 
English/CSTAUS_business7.en,0.0244714279894148 0.02135993865210801 0.016498149186440287 0.03459077871315247 0.02597059554113356 0.025603094846836674 0.02947126927492792 0.06702805491258272 0.014870399499136787 0.028864912056429808 0.015122018420024407 0.030469848369435087 0.03333769608500289 0.03745756860034119 0.030350877994090596 0.040701268898716676 0.03595435210026621 0.05055522673283263 0.012764356545611408 0.019235365045170025 0.030217115309129912 0.01886528697570328 0.04345817042718874 0.02736789717661294 0.06493052152682187 0.01673449157882533 0.03971200557134412 0.05555066225856844 0.05692325755691363 0.051563392155237614 
English/CSTAUS_business8.en,0.02777138135479585 0.023352243858878987 0.017972697035516707 0.02933857422842476 0.027533855576042373 0.03124931820690938 0.028377964005796678 0.05876583889542602 0.01677086745400348 0.02911262787449676 0.01485856915121999 0.03926575532826539 0.02562457641086418 0.042615897972554606 0.052790903333566515 0.031488664048100044 0.028372823439525824 0.05613163481995628 0.008051534141942025 0.018084769188075108 0.029212755589358683 0.01964419916444059 0.03772136884426352 0.02767722556178205 0.07039385550992168 0.013892189583322338 0.04142756486112522 0.047042966935765054 0.06857861868662914 0.0368787589390309 
English/CSTAUS_business9.en,0.03062231078041462 0.019813021765974864 0.016006919413428616 0.026578056317095637 0.025461398767229963 0.030385005035489167 0.03136844270202203 0.055705671856602294 0.020303630471914046 0.030156494756842647 0.015880475413034476 0.04759448274334994 0.02792497099395827 0.045382051520382216 0.032234968518929874 0.028418317849344815 0.03652588026621295 0.045746869051750294 0.009009770703205083 0.016736673050428787 0.03603669558174446 0.018830536993597734 0.045393152776493514 0.024625323695231915 0.062120946087636846 0.012183324451924882 0.04391530055730999 0.06296019292289419 0.07267106083153466 0.02940805412402123 
English/CSTAUS_electronics1.en,0.03662259509853073 0.05202497018946871 0.015416384917070765 0.023383160023655893 0.031790073329351846 0.033406254279085196 0.020874128051653687 0.08344452242526695 0.03734364042291295 0.030733411668101472 0.009863858194373822 0.010401069092712493 0.06742098667662766 0.03913566722009461 0.02284789162460655 0.014876588907949287 0.0581982508457138 0.07019467509884164 0.022763501306767474 0.01594781406672664 0.06419761286583775 0.017025052930620534 0.024015629797588676 0.023303852479436404 0.04201583416320574 0.029013263790094904 0.04496022834503925 0.016846531893883458 0.025887627281217303 0.016044923013564066 
English/CSTAUS_electronics2.en,0.04047343664847437 0.05758754070853599 0.0148652641090344 0.021292097339209438 0.04472922057070132 0.03930296043187613 0.018845422981749436 0.09053652583162326 0.029978060484741068 0.027548088336607515 0.013323825622752137 0.014410188140167486 0.05767740192199922 0.0383981824428913 0.02645359852932213 0.015767733651204194 0.04735542226209879 0.053964763402852896 0.02012236156647886 0.014950056886951685 0.06455611880129665 0.017487711734117693 0.019035017280278777 0.022298142980998054 0.04592721220523952 0.03703314750524458 0.050986622251565146 0.012871693105251663 0.028893811775432408 0.01332837049130414 
English/CSTAUS_electronics3.en,0.03961062916907952 0.031096910073514318 0.007764302344999659 0.03097042069312029 0.041054754305120504 0.04486409131620229 0.030442180560845137 0.08196658274698755 0.011822753054395507 0.04108042155484508 0.016544841050358076 0.023362675723882682 0.048795655188624776 0.035031540124873 0.020746600046900942 0.027951112048440193 0.017194549763428348 0.046433802195388785 0.02193408664373701 0.01785139094830496 0.049712223204777486 0.030835641879079813 0.03006124306702018 0.030592045133460026 0.0501320139297894 0.015485843088542596 0.05378897612394824 0.02742755778078264 0.04289844825934935 0.03254670798020165 
English/CSTAUS_hardware10.en,0.036522241528031296 0.02007354375991634 0.009257547978219222 0.020677231541841503 0.031339370470151486 0.08784130459027385 0.022628433457152167 0.07612025370218668 0.016015860064458088 0.05299154174908006 0.013462679730442321 0.017519802934152513 0.08280661350900406 0.036602942655943035 0.018725380910233833 0.021125832049902833 0.024653717567310104 0.03419636700257399 0.02083332470868239 0.017291712816622583 0.05733683209022469 0.017970445663866106 0.03495686600504907 0.01858215681822624 0.054497053907370134 0.024726388666115255 0.03225047809608054 0.019698865535202833 0.04689597845968265 0.0323992320320042 
English/CSTAUS_hardware11.en,0.04237418195543906 0.023780140532071503 0.008919644496150457 0.019888255903744635 0.03887808210812576 0.07425253435746612 0.020521816378261195 0.0713903306589055 0.015433689044094832 0.050021314477104235 0.012255668596118836 0.02139636082065952 0.07870257084497502 0.034431738757760295 0.015279840598634072 0.02314476780805129 0.023697736105977633 0.033713835505507286 0.015443358146253361 0.02051918742735898 0.05128008405369503 0.013368394667463295 0.0342799502769391 0.021089570407279202 0.06242379948342948 0.016303181185755383 0.04143164979699771 0.04015474336323402 0.04206236962569897 0.03356120261684832 
English/CSTAUS_hardware12.en,0.03596859386655478 0.023096859418903194 0.014240338720731393 0.02371864799170102 0.04565459201616065 0.05307813589521192 0.014649333248215452 0.045556167124298524 0.01712042277708479 0.03712356858485646 0.015576730149202586 0.01938884333850823 0.08336656572329837 0.04143663381080154 0.016199819325508052 0.028557900379289264 0.02783228852108627 0.02855502206092962 0.01785414082530566 0.02433040919649533 0.04215505882087098 0.01485549190616448 0.025373816564455545 0.030427114067954703 0.08266523804567863 0.016599036586845355 0.04989176669985158 0.03690373301632609 0.053387993300337014 0.034435738017372645 
English/CSTAUS_hardware13.en,0.035532963532195164 0.03140555166280296 0.007090399836673271 0.020044036309634975 0.03696460507309192 0.06979037126105017 0.02155167419547666 0.06128620013667104 0.013126584608938134 0.053192193507841795 0.013127898772441022 0.01900883793235247 0.08600136957442107 0.03808192004248463 0.01821782927854335 0.018611257118109226 0.026237033146634035 0.03839725047980549 0.021878033277887284 0.021628516399729344 0.055245470386795524 0.017101394528463147 0.02871155015970305 0.01957627439105405 0.06432117544802228 0.019002595002486022 0.0364184081392329 0.04451925166091722 0.029658249150977128 0.03427110498556475 
