Dutch/CKTAUS_electronics1.nl,4.341572748100409E-6 4.734260118950531E-6 6.483289221769337E-6 6.502522402504579E-6 4.053044451517554E-6 1.9707816965234046E-4 4.5444708446869666E-6 2.8325184757115413E-6 6.187282998059045E-6 1.8174898953975887E-5 1.9317662477037814E-6 4.710393531530704E-6 5.908173874447299E-6 0.013257969704553023 6.967933553421769E-6 9.100433440142747E-6 6.211675193385876E-6 8.34659850561769E-6 0.019783745146407287 0.628930200559293 0.1594526155044456 3.980530693980204E-6 6.233954735791688E-6 0.16323607530145998 3.073455575813974E-5 4.417955757971011E-6 5.093751323456601E-6 4.543264407985701E-6 0.014981146788416314 5.133978533582562E-6 
Dutch/CKTAUS_finance10.nl,9.095496211291593E-7 9.91816732635055E-7 1.3582343536478002E-6 1.362263661289484E-6 8.491035988998184E-7 4.12874285288767E-5 9.520563111204478E-7 5.934061815622012E-7 0.19286952860456077 0.1858315851086353 4.0470063745398197E-7 9.868167368259674E-7 1.237748995780378E-6 1.5637350880087956E-6 0.0014497819117926254 1.9065201179030283E-6 1.301331832155414E-6 0.03407755018462345 8.390511270466766E-7 2.3632099199143587E-6 0.09528050101989374 0.4832174253076819 0.005834825752268363 2.0224744503407835E-4 0.001173142770147713 9.255516880573037E-7 1.0671293227559561E-6 9.518035653740976E-7 4.848805100692047E-7 1.0755568318297498E-6 
Dutch/CKTAUS_finance11.nl,9.419505058479833E-7 1.027148218537291E-6 1.4066187338854117E-6 1.4107915775468597E-6 8.7935121506411E-7 1.0938848896873128E-6 1.676432739737884E-4 6.14545089031994E-7 0.16820022500792603 0.16516133007728243 4.191172876236587E-7 1.021970107885383E-6 1.2818413263047236E-6 8.494809130168171E-5 2.0983339569258995E-4 1.9744360810558762E-6 0.003001179135293535 0.03874963372926436 8.689406440219997E-7 2.447394543163906E-6 0.09846635652923386 0.5055141266153711 0.013167279425371962 1.130477246768042E-6 0.004506415358801675 9.585226143810686E-7 0.0027509506359452147 9.857096622821105E-7 5.021534077145834E-7 1.1138713911535126E-6 
Dutch/CKTAUS_finance12.nl,9.171506180035384E-7 1.0001052258734523E-6 1.3695849549090426E-6 1.373647934990447E-6 8.561994556308115E-7 4.1632462607181895E-5 9.60012531294643E-7 5.983652057061417E-7 0.18989720238827126 0.16900753520309053 4.0808267204438515E-7 9.950634457002863E-7 1.248092715385816E-6 4.214418080267396E-5 1.4719653304265138E-6 1.922452677403335E-6 0.002110815850866005 0.031076374576841134 8.460629764784959E-7 2.3829589812052323E-6 0.09554937280514526 0.5001154740106578 0.007871388200507212 1.1007137838721805E-6 0.004266067293693151 9.332864122818777E-7 1.0760471942589494E-6 9.597576733824654E-7 4.889325982190606E-7 1.0845451310132574E-6 
Dutch/CKTAUS_finance13.nl,8.997400724909809E-7 1.6017022015954858E-4 1.3435857125570455E-6 1.207393967374269E-4 5.977990718321266E-4 1.0448660134833968E-6 9.417883252148227E-7 3.985597568379056E-4 0.17805429085072602 0.1593520558664573 4.0033591617348913E-7 9.761738575899282E-7 1.224399796688974E-6 1.5468701088513028E-6 7.177949736120256E-4 1.6107505841251498E-4 1.2872968882607744E-6 0.03199873888123906 8.300019090057028E-7 2.3377225554945413E-6 0.10225214723939599 0.5164500633440965 0.0050157485713518074 4.087709366152881E-5 0.0035881241317047025 9.155695561425272E-7 0.0010755820468293696 9.41538305346901E-7 4.796510439282329E-7 1.0639568852079691E-6 
Dutch/CKTAUS_finance14.nl,3.594041916650388E-4 9.820188066053561E-7 1.3448166734553309E-6 1.3488061765071896E-6 8.771829155016759E-4 1.0458232945816734E-6 9.426511690155319E-7 5.87544060384768E-7 0.18188212365282022 0.1760290509763435 4.0070269430634896E-7 9.770682045879584E-7 1.2255215623191879E-6 1.5482873140217111E-6 0.0030288093091825332 4.7989252241373135E-4 3.199583671874434E-4 0.032545893928522716 4.0664498700375696E-5 2.3398643206457775E-6 0.10561219457795283 0.4907922914099478 0.002192148597680563 1.080807907496124E-6 1.6571015742178295E-4 9.164083789379313E-7 0.004581936269214515 9.424009200854236E-7 4.800904886725312E-7 0.0010765758134739368 
Dutch/CKTAUS_finance15.nl,9.369148713555886E-7 1.021657120049678E-6 1.399098999281495E-6 1.4032495350665287E-6 8.746502341930189E-7 1.0880370192875193E-6 9.8070044287339E-7 6.112597524583113E-7 0.1629496655727702 0.17260814288934467 4.168767012480331E-7 1.0165066913963915E-6 1.274988647361995E-6 1.61078255081581E-6 1.503685633662325E-6 1.9638808147535955E-6 0.001244588172817685 0.03153885089693276 8.642953176999531E-7 5.826165654174969E-4 0.0969039190873696 0.5253558905058312 0.00397973789511527 4.256602336633787E-5 0.00473097375741683 9.533983859754875E-7 4.254082522092903E-5 9.804400928683694E-7 4.994689131422442E-7 1.107916673615212E-6 
Dutch/CKTAUS_finance16.nl,9.280689215387561E-7 1.0120110701359938E-6 1.3858893044470882E-6 1.3900006526470062E-6 8.663921604709551E-7 1.0777642387332438E-6 9.714410884024212E-7 4.1655804331837896E-5 0.16022070530920274 0.18312934405622516 4.129407295906388E-7 1.006909269628972E-6 1.262950749430802E-6 1.595574230352575E-6 7.814454892984922E-4 4.2995654524117066E-5 0.0036958562531393554 0.02705394233022002 8.561350106741555E-7 2.4113271346557615E-6 0.09611214464355557 0.5162085724880263 0.01055126375975467 1.1138173319283059E-6 0.002141186343391425 9.443968058579835E-7 1.0888570966397744E-6 9.711831965108853E-7 4.947531411166261E-7 1.0974561978605127E-6 
Dutch/CKTAUS_finance17.nl,9.021815695200342E-7 9.837822541381295E-7 1.3472316105511236E-6 1.3512282777013342E-6 8.422252065693144E-7 1.04770131819603E-6 9.44343922623798E-7 2.4002020280857535E-4 0.18899263155433105 0.17670430026661685 4.0142225097155464E-7 9.788227621413804E-7 1.2277222767667074E-6 2.0107740402551915E-4 0.0012784164939356082 1.891075838342881E-6 0.0017571225503160732 0.03136727450969818 8.322541674711236E-7 2.3440661016458083E-6 0.10608118317726996 0.4772279185454978 0.010735812317777834 4.098801603320295E-5 0.005233976673711121 1.2063385584417936E-4 1.0584847543442673E-6 9.440932243124198E-7 4.809526049396159E-7 1.0668439941116377E-6 
Dutch/CKTAUS_finance18.nl,8.980602759554066E-7 9.79288197054774E-7 1.3410772651796245E-6 1.3450556749865657E-6 8.383778021874582E-7 1.0429152697483428E-6 9.400300254410223E-7 5.859103305499796E-7 0.19190296893014977 0.17144811679498212 3.99588497107011E-7 9.74351360721963E-7 1.222113867008259E-6 5.576656230258697E-4 4.1164300959155954E-5 1.8824371352856554E-6 0.0029010620210406027 0.026298335524679278 8.284523122122558E-7 2.3333580747184636E-6 0.09757254844507607 0.497968029822898 0.0049666612957657355 1.0778026041610938E-6 0.006044249586116631 2.789746806524089E-4 1.0536494456284661E-6 9.397804723551422E-7 4.787555451208446E-7 1.0619704992011474E-6 
Dutch/CKTAUS_finance19.nl,8.9408252682014E-7 9.749506677337413E-7 1.3351372753206826E-6 1.3390980636866213E-6 8.346644026897128E-7 1.0382959191062222E-6 9.358663810610895E-7 5.833151770028422E-7 0.18733555847588515 0.17535527685379246 3.9781861278923633E-7 9.700356979693327E-7 1.2167007978548354E-6 1.5371434238283099E-6 0.0021369745989158868 4.142112999050906E-5 0.0018995366746847454 0.02554910067277242 8.247828753640376E-7 2.3230230077831135E-6 0.10208375236775537 0.49457598532437863 0.004588739348571479 1.0730287281847527E-6 0.0036051091172174705 9.098124750286818E-7 0.0021365886388776444 3.964059246605706E-4 4.7663500877534983E-7 2.778864814569324E-4 
Dutch/CKTAUS_finance1.nl,9.280689215387559E-7 1.0120110701359936E-6 1.385889304447088E-6 1.390000652647006E-6 8.296702382594147E-5 1.0777642387332436E-6 9.714410884024212E-7 6.05488499102633E-7 0.1595228499400462 0.16391779624650502 4.1294072959063876E-7 1.006909269628972E-6 1.2629507494308018E-6 1.5955742303525748E-6 1.4894884765220785E-6 1.945338691381794E-6 1.327828193181147E-6 0.03575660928675989 8.561350106741554E-7 2.411327134655761E-6 0.10247494359762951 0.528031063447854 0.007882993230626878 1.1138173319283057E-6 0.002305387606722366 9.443968058579834E-7 1.0888570966397744E-6 9.711831965108853E-7 4.94753141116626E-7 1.0974561978605125E-6 
Dutch/CKTAUS_finance20.nl,9.118240134768559E-7 9.942968396403463E-7 1.3616307135038795E-6 1.3656700967107153E-6 8.51226841747572E-7 1.0588990655071038E-6 9.544369944150003E-7 5.948900351608046E-7 0.17241962288966453 0.1642751226923515 4.0571261966094565E-7 9.892843409925544E-7 1.2408440735847942E-6 1.5676453168026644E-6 1.4634164868251902E-6 1.911287504603168E-6 1.3045859032826098E-6 0.024120152359842696 8.411492329865285E-7 2.3691192913581964E-6 0.10713430677657752 0.5153198812423679 0.010366574556468042 1.0943210857605898E-6 0.005612571167369855 9.278660946908878E-7 1.0697977541524374E-6 9.541836166602602E-7 4.86092987647151E-7 7.270501344490072E-4 
Dutch/CKTAUS_finance21.nl,9.043468617138072E-7 9.861433930786988E-7 1.3504650506790154E-6 1.3544713100803578E-6 8.442465997420363E-7 1.0502158668881544E-6 9.466104071020634E-7 5.900118097472603E-7 0.1829260557767489 0.183768574680324 4.023856894808315E-7 9.811719979909663E-7 1.2123379613583207E-4 1.5547902902063906E-6 4.145245857517904E-5 1.8956145386321973E-6 1.29388802009177E-6 0.03200257252421469 8.342516295263713E-7 2.349692006899317E-6 0.09653552925975407 0.4956937467644612 0.007041481994098417 1.0853474190060414E-6 0.0018464499397039314 9.20257394433766E-7 1.0610251839575973E-6 9.463591070990579E-7 4.821069212726402E-7 1.0694044864232379E-6 
Dutch/CKTAUS_finance2.nl,8.940118157947381E-7 9.748735610245016E-7 1.3350316822429092E-6 1.3389921573587863E-6 8.345983909133832E-7 1.038213802560033E-6 9.357923654423306E-7 5.832690438853043E-7 0.16806286176396942 0.1567953178897922 3.9778715018797694E-7 3.568650858435099E-4 1.2166045716582114E-6 1.5370218545274586E-6 1.4348291022319654E-6 0.0010300154287051495 1.2791012245955816E-6 0.03238817526683256 8.247176450960236E-7 2.3228392849902105E-6 0.09729086652659015 0.532459473357273 0.0069610106143344706 1.072943864696898E-6 0.004395702056743854 9.097405199561879E-7 1.0488995887222587E-6 2.3819896184636673E-4 4.7659731275825745E-7 1.0571831309443261E-6 
Dutch/CKTAUS_finance3.nl,9.164070933486268E-7 9.99294450763731E-7 1.3684746463501414E-6 9.742002993468086E-4 8.555053434617884E-7 1.0642213852986804E-6 9.592342589236389E-7 5.978801171347006E-7 0.16963814751882642 0.16676272902660796 4.077518435828969E-7 2.442011980114587E-4 1.2470808993467833E-6 1.575524736067045E-6 0.0024740746747675497 1.9208941646187484E-6 0.0030413979087824785 0.022903748744826986 8.453770818497719E-7 2.381027140655394E-6 0.10779439692632961 0.5134917621659998 0.00632469631840919 1.0998214464302766E-6 0.003978867404971741 9.325298065030625E-7 4.160966506269448E-5 0.002311424921516332 4.885362255467539E-7 1.0836659013333735E-6 
Dutch/CKTAUS_finance4.nl,4.1355347181095626E-5 9.969909371590334E-7 1.365320120711435E-6 1.3693704488311387E-6 8.535332838791002E-7 1.0617682060204688E-6 9.570230896693376E-7 5.965019197648009E-7 0.17470664993253715 0.16480111654150223 4.068119185004391E-7 9.919648568929248E-7 1.2442062032893717E-6 1.5718929309856756E-6 1.4673816877277572E-6 1.9164662346547606E-6 1.3081207446949783E-6 0.029361961855608864 8.43428369328E-7 2.375538539765574E-6 0.10099446524022497 0.5185360138585011 0.008291728582157876 1.097286204027345E-6 0.0027969050350866035 9.303801947500661E-7 1.0726964252132865E-6 9.567690253747706E-7 4.874100811545035E-7 4.459327457780035E-4 
Dutch/CKTAUS_finance5.nl,9.002416527964291E-7 9.81666875469727E-7 1.3443347245803007E-6 1.3483227978934108E-6 8.404142110685586E-7 1.045448497503192E-6 9.423133462628695E-7 5.87333499194888E-7 0.16246468360173874 0.17628452222660204 4.005590924187799E-7 9.767180476250625E-7 1.2250823658473241E-6 1.5477324463256562E-6 1.444827573476153E-6 3.204426970901163E-4 0.006531679609076046 0.04240945660267128 8.304646122060717E-7 4.215848671383238E-5 0.09550002217360977 0.49284629346241504 0.015252146175211838 1.080420572801795E-6 0.004943986084108705 9.160799609490595E-7 1.056208746558245E-6 0.003385596243291861 4.799184361723686E-7 1.0645500118628582E-6 
Dutch/CKTAUS_finance6.nl,1.5932163172107048E-4 9.764180161967067E-7 1.3371467222533604E-6 1.3411134717996063E-6 8.359206134590492E-7 1.039858605272226E-6 9.372749057600706E-7 5.841930948880508E-7 0.17692373891837923 0.16944057318755923 3.9841734926825455E-7 9.714956491622946E-7 1.2185319920933819E-6 1.5394568998994171E-6 8.065020402565445E-5 1.8769199289632866E-6 7.538055945485142E-4 0.02780552016928729 8.260242139512082E-7 2.3265192710841347E-6 0.09962336105173432 0.5121135239607341 0.008516694163853804 1.0746436889280276E-6 0.004561092204188297 9.111817873241678E-7 1.050561320519789E-6 9.370260840855281E-7 4.773523677871117E-7 1.0588579860433187E-6 
Dutch/CKTAUS_finance7.nl,9.014261648272016E-7 9.82958524462631E-7 1.3461035614805976E-6 1.3500968821856767E-6 8.415200038751351E-7 1.0468240685168181E-6 9.435532150158189E-7 5.881062956920408E-7 0.18289348005246442 0.16622953392777276 4.010861365324704E-7 9.780031850928643E-7 1.2266942939296627E-6 1.549768908088334E-6 1.4467286359718266E-6 2.809924721170694E-4 0.005902324137057172 0.030423957762792497 8.315573136171131E-7 0.0010390103136840296 0.10025081344349113 0.502745036600568 0.006859253264689764 1.081842159064553E-6 0.00331574521464319 9.172853125693973E-7 4.092945271751621E-5 9.433027266163779E-7 4.80549899024226E-7 1.0659507160987638E-6 
Dutch/CKTAUS_finance8.nl,8.920364380622603E-7 9.727195139633706E-7 1.3320818421953136E-6 1.336033566381711E-6 8.327542910392596E-7 1.0359198010816464E-6 7.900642874322837E-4 5.819802726845451E-7 0.17613521287160414 0.1697062618073391 3.9690821339445303E-7 9.678157920022448E-7 1.2139164040773971E-6 1.5336257039485469E-6 1.4316587532406151E-6 1.869810481540242E-6 0.006117038136367707 0.02501715376415889 8.228953773777207E-7 2.317706819268138E-6 0.09735209167404635 0.5100948136243257 0.008839543155536183 1.0705731248687709E-6 0.004346532936660027 7.505817650119866E-4 1.0465819762986184E-6 9.334767916644567E-7 4.755442397425004E-7 8.296419381150009E-4 
Dutch/CKTAUS_finance9.nl,9.039491137385583E-7 9.857096695213915E-7 1.349871091920167E-6 4.13373248294288E-5 8.438752849403E-7 1.0497539631073005E-6 9.461940708612753E-7 5.897523119675531E-7 0.17232995446526986 0.17673062979628673 4.022087130351381E-7 9.807404609424135E-7 1.2301276167620773E-6 1.554106465541268E-6 4.4126871944149306E-4 5.216796209350644E-4 0.002240366476392321 0.040225087762107065 8.338847106918621E-7 5.221334986919141E-4 0.09437394839225277 0.4961954338473971 0.005998815343738234 1.0848700637382484E-6 0.005204247574063199 9.198526487207659E-7 1.0605585260451593E-6 0.0021600522018485153 4.81894881998875E-7 0.0029998276271530474 
Dutch/CKTAUS_hardware1.nl,2.4734376758371103E-6 2.697155621899648E-6 3.6935950990316255E-6 1.13109571210883E-4 2.3090602023454157E-6 2.872397310032522E-6 2.589030762852042E-6 1.6137142740254726E-6 3.524957375218833E-6 1.0354422794588806E-5 1.100546667120021E-6 2.6835585869210928E-6 3.3659460993365553E-6 0.9997473140041966 3.969701850856643E-6 5.1846084917373836E-6 3.538853854310231E-6 4.755141145086959E-6 2.2817234171505786E-6 6.426534975157917E-6 3.559374717305637E-5 2.2677483851041008E-6 3.551546733776792E-6 2.9684840089506145E-6 1.750978564059779E-5 2.5169538450618334E-6 2.901961378004143E-6 2.588343443725182E-6 1.3185885563839714E-6 2.9248792243451733E-6 
Dutch/CKTAUS_industrial1.nl,2.4599809626667406E-6 2.68248177346016E-6 3.6735001314887984E-6 3.6843978547806458E-6 2.2964977831910454E-6 2.856770060924914E-6 2.57494516663698E-6 1.604934877505145E-6 3.5057798795416694E-6 1.029808965995894E-5 1.0945591538809708E-6 2.668958713015696E-6 3.3476337029304615E-6 4.229300367779916E-6 3.948104727265977E-6 5.156401680603418E-6 3.519600754976247E-6 4.729270846797594E-6 2.269309723505228E-6 0.0013121091937297383 0.020056403640978996 2.255410722482144E-6 3.532224578957822E-6 0.9764621141766157 0.0020848007590614963 2.5032603826039234E-6 2.886173285877635E-6 2.57426158686302E-6 1.3114147884065812E-6 2.9089664479027003E-6 
Dutch/CKTAUS_industrial2.nl,2.4840365523975976E-6 1.1258254110308099E-4 3.7094224468971048E-6 3.7204267365260447E-6 2.318954708398458E-6 2.8847057602591512E-6 2.6001249649557948E-6 1.6206291676415021E-6 3.540062097066445E-6 1.0398792317268533E-5 1.1052625968512657E-6 2.6950578482461175E-6 3.380369445258966E-6 4.270657726247271E-6 3.98671233804627E-6 5.206824950213453E-6 1.1342784607915592E-4 4.775517301930052E-6 2.29150078291152E-6 0.009125981793492203 0.025196852871007612 2.2774658667446392E-6 3.5667653931341023E-6 0.9605199851910335 0.004852033246501689 2.5277391918578575E-6 2.9143965126061737E-6 2.5994347006119785E-6 1.324238812899311E-6 2.9374125637359373E-6 
Dutch/CKTAUS_industrial3.nl,2.3749610964292056E-6 2.58977201471594E-6 3.5465396002722588E-6 2.1365547220678443E-4 2.217128089967875E-6 2.7580366917902465E-6 2.4859520008528266E-6 1.549466420360045E-6 3.384615959600695E-6 9.942175440020132E-6 1.0567298884255387E-6 2.5767163273152346E-6 3.231935502840785E-6 3.192307480019571E-4 3.8116535347981897E-6 4.978190309131397E-6 3.3979591691514443E-6 4.565821624670311E-6 2.1908796819431178E-6 0.009355549983873843 0.028292412979857694 2.177461046917069E-6 3.410146698770336E-6 0.9560556719263752 0.0048490761221756315 2.416744728167317E-6 2.7864237063371262E-6 2.4852920464084227E-6 8.416597368204121E-4 2.808429109588481E-6 
Dutch/CKTAUS_industrial4.nl,2.6697156297765504E-6 0.005198729469738332 3.986697810210031E-6 3.998524658727462E-6 2.3866585242064876E-4 3.1003344326946184E-6 2.794481527099369E-6 1.7417694658108861E-6 3.804677955240132E-6 1.1176090928861874E-5 1.1878797946725802E-6 2.8965105419523523E-6 3.6330484483879108E-6 4.589884826849116E-6 4.284714824358006E-6 5.596029550240851E-6 3.819677179919045E-6 5.1324821162254526E-6 2.4627880173016424E-6 0.003313366324827591 0.030268633730382407 2.447704006151661E-6 3.833377294148638E-6 0.9548529003591457 0.006041325000016318 2.716684994827532E-6 3.1322445370464093E-6 2.7937396662336E-6 1.4232242488306849E-6 3.1569810133988035E-6 
Dutch/CKTAUS_industrial5.nl,2.70000494409597E-6 2.944215488130566E-6 4.031928973305892E-6 4.043890003579671E-6 2.520570468967999E-6 3.135509341617434E-6 2.8261863755072156E-6 0.002867998375002248 3.847844008277803E-6 2.501559598559807E-4 1.2013569096406402E-6 2.9293729626746857E-6 3.674267275278515E-6 4.641959460813784E-6 4.333327145699107E-6 0.0016776310119020201 3.863013406972922E-6 5.190712799045467E-6 2.4907296300809753E-6 0.006217195035777239 0.055811046067630085 2.4754744829681136E-6 3.876868956134043E-6 0.9161241917424928 0.009334383428502834 2.7475072010570656E-6 3.167781482723213E-6 2.8254360978435322E-6 0.007644737622814971 3.1927986072836174E-6 
Dutch/CKTAUS_legal10.nl,1.4626106383681318E-6 6.628904963292479E-5 2.1841227448109027E-6 2.1906021144737346E-6 1.365409789611892E-6 1.698526267435349E-6 1.5309639591093279E-6 9.542329234866873E-7 2.084402694741195E-6 0.2604000706369485 6.507830292532261E-7 1.5868608197643647E-6 1.9903750238611527E-6 2.51458031775312E-6 2.3473921396655216E-6 3.0657993164199865E-6 0.1143813472005725 0.004207931497346675 1.349244808688643E-6 3.800184057328097E-6 0.056046180162931586 1.3409809940219577E-6 0.004013137333842248 1.7553449329777158E-6 1.0354010130785458E-5 1.4883429269440175E-6 0.5429150103746302 0.005435839033073471 7.79717099419117E-7 0.012487700224293007 
Dutch/CKTAUS_legal11.nl,1.1503425158918772E-6 1.2543889074536311E-6 1.7178114170464997E-6 1.7229074379585669E-6 1.0738940982666421E-6 1.3358900369889386E-6 1.2041023675491309E-6 7.50503704236187E-7 1.6393816488820631E-6 0.23935334181873552 5.118405182709115E-7 1.2480652197461546E-6 1.5654289340267394E-6 1.9777161284452926E-6 1.8462227122458543E-6 2.41124958779529E-6 0.6570906907738179 0.013994738024005353 1.0611803490727062E-6 2.9888428093456244E-6 0.07242151833621253 1.0546808630815847E-6 0.010686853810286875 1.3805778882564161E-6 8.14342365012928E-6 1.1705809476409218E-6 0.006412470877147849 1.2037827102473372E-6 6.132470982369186E-7 1.3602982434050575E-6 
Dutch/CKTAUS_legal12.nl,1.296309093720002E-6 1.4135578971737129E-6 1.935783934306678E-6 1.941526587611097E-6 1.2101601619027142E-6 1.5054006778286191E-6 1.356890515007648E-6 8.457348687296186E-7 0.0013206283882394505 0.2998274169229749 5.767877907690107E-7 1.4064317988440412E-6 1.7640656888856632E-6 2.2286678677721048E-6 0.0037290702323405206 2.7172122430546015E-6 0.5655868827682315 0.01829341102459678 1.1958331693177305E-6 3.3680960756722475E-6 0.08596877170593724 1.1885089657188882E-6 0.003212806346903546 1.555758955625493E-6 9.176739958613625E-6 1.319115573317583E-6 0.006939455647408607 0.012157076922995919 6.91061817814826E-7 0.002925786396729967 
Dutch/CKTAUS_legal13.nl,1.2838681884386978E-6 1.3999917346021676E-6 1.9172058770451423E-6 0.016129720005853703 1.7156260004761175E-4 1.4909530840147609E-6 1.3438681992219371E-6 8.376182031550776E-7 0.0049991752565316655 0.2649782665854309 5.712522573787621E-7 1.3929340266855343E-6 0.013517295420007567 2.2072789521340357E-6 0.45998500633492834 2.6911346815310345E-6 0.011132288413835754 0.04668221901164699 1.1843565490704476E-6 3.3357718680748717E-6 0.12358920254274805 1.1771026371355886E-6 1.843473929338524E-6 1.5408280646047916E-6 1.2266470518198816E-4 1.306455790259483E-6 0.018514400167177578 0.020728970081998917 0.005679486229730317 0.013744218550837918 
Dutch/CKTAUS_legal14.nl,1.3227019305168212E-6 1.7695947055820844E-4 1.9751964707916656E-6 1.9810560444449263E-6 1.2347990075343945E-6 1.5360506166404607E-6 1.3845167887777246E-6 8.629540199890647E-7 0.008777741647329253 0.19348392303816797 5.885311829136103E-7 1.4350667325281253E-6 1.79998204405989E-6 2.2740435174480833E-6 0.5552798248103602 2.772534650048955E-6 0.04423220987194223 0.07863421829433587 1.2201803175610978E-6 4.714823575094981E-4 0.08286312081043928 1.2127069932693689E-6 1.8992343194972177E-6 1.5874341883380722E-6 9.363578268417886E-6 1.3459727497513337E-6 0.011000625505819036 0.023930219899166934 7.051318277086542E-7 0.0011131726227014108 
Dutch/CKTAUS_legal15.nl,9.868927199314582E-7 1.320327801658109E-4 1.47373113509931E-6 0.003755568013763736 9.213067003222206E-7 1.1460761763736E-6 1.033013945124986E-6 6.438661805158402E-7 0.0016165381510532962 0.4716225894599853 4.3911415449673363E-7 1.070730206309184E-6 1.3430003648637298E-6 1.6967065220052604E-6 0.03422491517559007 2.0686401061060743E-6 0.005807155689027675 0.021085913875620345 9.10399421534214E-7 2.5641642978619847E-6 0.08522331230789339 9.048234341049732E-7 0.35166360682789927 1.1844144230053524E-6 0.004459511584288623 1.0042555146469748E-6 0.00899351277448541 0.011394259096571293 5.261120826259989E-7 1.1670162710722437E-6 
Dutch/CKTAUS_legal16.nl,1.0044755987220357E-6 1.095328592517393E-6 1.4999877234751483E-6 9.036430478285366E-5 9.377210721313852E-7 1.166495131835492E-6 1.0514185382679677E-6 6.553375601103198E-7 1.4315030875982217E-6 0.30848123407039957 4.469375894028897E-7 1.0898067675753895E-6 1.3669278011029399E-6 1.726935729817912E-6 0.5077913233982652 2.1054958326834443E-6 5.345963498944855E-4 0.00484479385096286 9.266194648647188E-7 2.609848483323972E-6 0.08061035437848083 2.6750054582147954E-4 0.08797271085822927 1.2055164281340978E-6 7.110812852351913E-6 1.0221477359919994E-6 0.003200133721506971 0.002755707023524696 5.354855077128855E-7 0.003422292696634137 
Dutch/CKTAUS_legal17.nl,1.1298195211007738E-6 1.2320096450530503E-6 1.6871643408260663E-6 0.0022505285645075044 1.0547350020144834E-6 1.312056731784745E-6 1.1826202556774273E-6 7.371141412147757E-7 5.1584275932521704E-5 0.34927400892867067 5.027088899556655E-7 1.2257987767955098E-6 1.5375004784449993E-6 1.942432152375874E-6 0.46391177451505794 2.368231041539086E-6 0.00549877211384416 0.02753792436247507 1.0422480758796606E-6 2.93551955600132E-6 0.10441224142312706 1.0358645457149976E-6 0.018941822139974966 1.3559473174325327E-6 7.998138712083002E-6 1.1496968836694415E-6 0.006947731314676649 0.010445778007814722 6.023062985803765E-7 0.010695802441552972 
Dutch/CKTAUS_legal18.nl,1.0259915952786735E-6 1.1187906718899279E-6 1.5321176534947038E-6 1.5366627994429013E-6 9.578071781400674E-7 1.191481607636237E-6 1.0739400586291795E-6 6.693749749611219E-7 0.0014536742783525047 0.378396313562117 4.565110500691907E-7 1.1131505687472497E-6 1.3962075704662988E-6 1.7639269153315972E-6 0.014614531027674843 2.150595824304613E-6 0.33260342327206355 0.020695995051149357 9.464677730174586E-7 2.665751773609955E-6 0.07185388235473517 9.406708752166745E-7 0.01960633671127962 1.2313387451218906E-6 5.264475588739314E-5 4.642567078089629E-5 0.0029963912264853263 0.15379941267159672 5.469556761816251E-7 0.003858651674566357 
Dutch/CKTAUS_legal19.nl,1.0911053141598063E-6 9.771326682540863E-5 1.6293522494129857E-6 0.0019803653826980443 1.0185936286594834E-6 1.2670980150304845E-6 1.1420967875873482E-6 4.8973592819713214E-5 1.5549612435600978E-6 0.3753360924637613 4.854831511245237E-7 1.1837957607150208E-6 1.4848167439345855E-6 1.8758730967821082E-6 0.029151840002106973 5.0548818140856336E-5 1.561091384753004E-6 0.024132965885344533 1.0065345774492938E-6 2.8349315333589367E-6 0.10324755582903626 1.0003697842626997E-6 1.5666905831371992E-6 1.3094846532036587E-6 3.938179678953358E-4 1.1103015623437852E-6 0.04889041922270108 0.4166447130715152 5.816677715859319E-7 1.2902493141973145E-6 
Dutch/CKTAUS_legal1.nl,9.630152815488026E-7 1.0501182649470077E-6 1.4380748538640219E-6 4.403840316237111E-5 8.990160870425935E-7 1.1183473637777481E-6 1.008020623839914E-6 6.282881194546435E-7 1.3724169613430943E-6 0.22495383562317092 4.2848997928985216E-7 1.0448243565554528E-6 1.3105070575241593E-6 1.655655448657142E-6 1.54557504436561E-6 2.0185902621140463E-6 1.3778274561598722E-6 1.8513802200778737E-6 8.883727051016536E-7 2.5021254624458544E-6 0.018159780646048066 8.829316262532295E-7 0.7568056189497265 1.1557580332745589E-6 6.817309897583177E-6 9.799579910285106E-7 1.1298579223495476E-6 1.0077530210501071E-6 5.133830305400282E-7 1.1387808220296981E-6 
Dutch/CKTAUS_legal20.nl,1.156462188964925E-6 1.2610620938429235E-6 1.7269499511163486E-6 1.7320730821991037E-6 1.07960707566744E-6 1.3429967988228918E-6 1.2105080360644518E-6 7.544962866597584E-7 0.012840950646076531 0.24942491773240713 5.145634434815205E-7 1.254704764936542E-6 1.5737568130392837E-6 3.089038359624425E-4 0.09320189283155887 2.4240771230475956E-6 0.010999463551567992 0.025476217965719108 1.066825690975794E-6 3.0047430656668856E-6 0.10943205286399846 1.0602916285616863E-6 1.6605348701841408E-6 1.3879223836665138E-6 0.002207748535865661 1.176808286547497E-6 0.009566892977185895 0.4811425636555177 6.165094933082645E-7 0.005372390511063403 
Dutch/CKTAUS_legal21.nl,1.0486926844086387E-6 1.143545033306942E-6 1.5660172873412457E-6 1.5706629991846743E-6 9.78999618916712E-7 1.2178443286333012E-6 1.0977020554168425E-6 6.841855650652575E-7 0.008907557055134895 0.20697757259205965 4.6661181315937945E-7 1.1377801372471157E-6 1.4271000579359246E-6 1.8029555607005791E-6 0.005475200682515438 2.198179905611643E-6 0.022220271010381463 0.0048261333011851626 9.674093181263864E-7 2.7247341949958203E-6 0.10234203879564352 0.008164852143241544 0.011505169901885067 1.2585833451077211E-6 0.004553226584681697 1.0671427503897882E-6 6.970165146742312E-4 0.6243068041186169 5.590576169892075E-7 1.240095707813418E-6 
Dutch/CKTAUS_legal2.nl,1.1808655433450072E-6 1.2876726873106452E-6 1.763391584968189E-6 1.768622822986511E-6 1.1023886540970274E-6 1.3713363564199495E-6 1.2360518513883733E-6 7.704174645741818E-7 1.682880772302872E-6 0.33966969265251046 5.254216230070906E-7 1.281181207757841E-6 0.0010984791377876353 2.0301925716342425E-6 0.05730040819409689 2.4752293471694467E-6 0.012015051398815514 0.01844016908450168 1.0893375600598666E-6 3.0681483464899384E-6 0.09095291938062913 1.0826656176163428E-6 0.025961003645252154 1.4172099488838228E-6 6.059150830406804E-5 1.2016409788119449E-6 0.4088735455588301 0.035623465309005974 6.295189109852507E-7 0.009977709956416572 
Dutch/CKTAUS_legal3.nl,2.3825674351802577E-4 1.94326542015065E-6 2.661187057100826E-6 2.6690816750777078E-6 1.6636477360930192E-6 2.069524769055994E-6 1.8653628705388154E-6 1.162660070948582E-6 2.539685778287887E-6 0.3023797305405965 7.929295084464196E-7 1.9334689339279547E-6 2.4251202295568012E-6 3.0638244171686635E-6 0.038469405455514354 3.735442744648397E-6 0.04335623809028588 0.017896675589939147 1.6439519391816798E-6 4.630234565337123E-6 0.06781504849816235 1.6338831110054655E-6 8.138373105001937E-5 2.1387539814261893E-6 1.2615572002352216E-5 1.813432392076433E-6 0.027117852292462996 0.03823193554085474 9.500258436043161E-7 0.46435952246257006 
Dutch/CKTAUS_legal4.nl,3.471571329971848E-6 3.7855686524586756E-6 5.1841123694305514E-6 0.010600455554266988 3.2408607970800727E-6 4.031527556651423E-6 0.0032282769605291818 2.2649142378641832E-6 4.947422400300012E-6 0.007385145770783881 1.5446624324491554E-6 3.7664846556127875E-6 4.724243546073036E-6 5.968468100138382E-6 0.006915521245722473 7.276810882632243E-6 1.5852136237238013E-4 6.674035828966859E-6 3.202492496692687E-6 9.019905691890503E-6 0.0025068282566199584 3.1828779654425426E-6 4.984741656715442E-6 9.254930033423801E-4 2.457570304587499E-5 3.532648060122174E-6 4.073021939861578E-6 3.632846292889046E-6 1.8506931761772928E-6 0.9681648222332475 
Dutch/CKTAUS_legal5.nl,1.9822351200864835E-6 2.1615246869961048E-6 2.960080213948341E-6 3.536815116096666E-4 1.8505015396977856E-6 2.301964946362115E-6 2.074872455952512E-6 1.2932450811300781E-6 2.82493243077243E-6 0.10732636905414777 8.819879620055972E-7 2.1506279013091904E-6 2.6974993692391794E-6 3.4079400815036954E-6 0.07032106769728134 9.183315423115485E-5 2.8360691936549617E-6 3.810812728713512E-6 8.9506756117051E-5 5.150282722976145E-6 0.07639620470463153 1.8173938791287298E-6 2.8462413810116234E-6 2.3789696879932773E-6 0.0013292049369630706 2.0171093680901974E-6 2.3256578553844286E-6 0.28232575764246437 1.0567286861286472E-6 0.461715547865262 
Dutch/CKTAUS_legal6.nl,1.0999707594863587E-6 1.1994611171554087E-6 1.642591056975745E-6 0.0013153020244544389 1.026869902276397E-6 1.2773934356739867E-6 1.1513765486668582E-6 7.176402837775296E-7 0.002045030245312925 0.2552914743451517 4.894277972346666E-7 1.1934143341544738E-6 1.4968811720814118E-6 1.8911149347268516E-6 0.012603118385920105 2.305664620543026E-6 0.008370039864820737 0.007640772674838896 1.0147128689027934E-6 2.85796590977279E-6 0.11007088886292077 1.0084979855587819E-6 1.5794202523342763E-6 1.32012447362088E-6 3.483639437468136E-4 1.1193229809632373E-6 8.770602479871622E-4 0.6002439774849445 5.863939366593589E-7 0.001168993675531335 
Dutch/CKTAUS_legal7.nl,1.0925817511522736E-6 1.1914037864358077E-6 2.915938103624535E-4 1.6363971596569067E-6 1.0199719459439174E-6 1.268812597810162E-6 1.1436422240583184E-6 7.1281956468843E-7 0.0014030412898433536 0.34230501388966356 4.861400861373384E-7 1.185397622450972E-6 1.4868259343759938E-6 1.878411447936044E-6 0.022087211816870306 2.2901764132885413E-6 0.05055164936997602 0.029916539606104683 1.0078965769419714E-6 8.243984854474596E-4 0.10068095163622018 6.292532723523951E-4 0.012711580915444899 1.3112565917672122E-6 7.734527715977566E-6 1.1118039748773551E-6 0.014692702707878192 0.418658310124179 5.824548595087479E-7 0.005220612555404476 
Dutch/CKTAUS_legal8.nl,1.0726754854959181E-6 1.4350934372641172E-4 1.6018309071556385E-6 1.606582862882243E-6 1.0013885928020802E-6 1.2456954986882862E-6 1.1228056634037763E-6 6.998323666094113E-7 1.5286964376555764E-6 0.32463377803904603 4.772828691001259E-7 1.1638003003686334E-6 1.459736746767622E-6 1.844187777940532E-6 0.026097323465717737 2.248450601892953E-6 0.5056868528680122 0.03748483582875091 1.9077572881896307E-4 2.787046785887157E-6 0.06767421495203728 9.834725668399348E-7 0.007308308757806151 1.2873661853680233E-6 7.593608683348368E-6 1.091547490400693E-6 0.010344606176345701 0.02040313853332854 5.718428378874931E-7 1.268455749922846E-6 
Dutch/CKTAUS_legal9.nl,1.2767627156786957E-6 1.3922435847344302E-6 1.906595244071031E-6 7.360707276592793E-4 1.1919127792918287E-6 1.4827015153410397E-6 1.3364306608760289E-6 8.329824676649429E-7 1.8195462109280288E-6 0.18987002157551433 5.680907043545138E-7 1.3852249371760183E-6 1.7374662497459541E-6 2.1950629313545293E-6 0.6011648937933989 2.676240797294858E-6 0.012143678443718421 0.0032779308333456326 1.1778018160586545E-6 3.3173102873957746E-6 0.08269591230390981 1.1705880503585265E-6 0.00768226040858564 1.5323004665698172E-6 4.608282002185089E-4 5.7772954258287496E-5 0.017225985291985456 0.07686208117707719 6.806416521256709E-7 0.007794884387257494 
Dutch/CKTAUS_pharma10.nl,0.004533103130504483 1.6190974710868625E-6 0.0474200206585037 2.223835892632507E-6 1.3861245171947598E-6 0.7810819678397791 1.554190320596858E-6 9.687096580252969E-7 2.116025314062558E-6 6.215740621401438E-6 6.60656104185819E-7 1.6109351964411925E-6 0.11427761325325735 2.5527291919327186E-6 2.383004590281653E-6 3.1123107726484007E-6 2.124367344448646E-6 2.8545023283635494E-6 1.3697142962133572E-6 3.857836915914004E-6 0.05065727603101374 1.3613251106353764E-6 2.1319868562329326E-6 1.781975393940601E-6 0.0019807799308907146 1.5109226817664115E-6 1.7420419831055163E-6 1.5537777242115799E-6 7.915462421637004E-7 1.7557995233646818E-6 
Dutch/CKTAUS_pharma11.nl,1.4547053209132729E-6 1.5862807754720053E-6 0.03487688089028955 2.178762049402472E-6 1.3580298365610261E-6 0.027090715746320836 1.5226891963042316E-6 9.490753552397773E-7 2.0731366307775985E-6 6.0897568115098036E-6 6.472655883803624E-7 1.5782839379833657E-6 0.9099616265425552 2.5009891711033474E-6 2.33470463448246E-6 3.0492288661487986E-6 2.0813095806253745E-6 2.7966458152662092E-6 1.3419522263313146E-6 3.779644304250962E-6 0.025951759532136215 1.3337330770571915E-6 6.643325541748263E-5 1.7458574052830935E-6 0.002004976950962987 1.4802985281063926E-6 1.7067333852423497E-6 1.5222849626335083E-6 7.755027780992836E-7 1.720212080639389E-6 
Dutch/CKTAUS_pharma12.nl,1.4970903000370412E-6 1.6324993989871826E-6 0.17329801769467837 2.2422434862625547E-6 1.397598033256668E-6 0.6121987218918995 1.567054985629058E-6 9.767280616267082E-7 2.1335405157108454E-6 6.267190833104378E-6 6.66124623304227E-7 1.624269561876462E-6 0.17376135414246646 6.879311101597825E-5 2.402729687921172E-6 3.1380726340083743E-6 2.1419515964733146E-6 2.8781302044359788E-6 1.3810519782057617E-6 3.889769800203896E-6 0.037634078771017286 1.3725933519287084E-6 2.1496341780538254E-6 1.7967255286151396E-6 0.0029904644292311536 1.5234292029645447E-6 1.756461572706406E-6 1.5666389740157862E-6 7.980981921584875E-7 1.7703329897184734E-6 
Dutch/CKTAUS_pharma13.nl,0.020888028533124575 1.514462130537977E-6 0.11616864941523304 2.0801188959070184E-6 1.2965452216366778E-6 0.10517198682632785 1.4537496514107906E-6 9.061060984678665E-7 1.9792756536493587E-6 5.8140439056087245E-6 6.179607274826615E-7 1.5068273487717997E-6 0.7117448530527718 2.3877572287885484E-6 2.22900120179739E-6 2.911175446699541E-6 6.341837177839379E-5 2.670028058864871E-6 1.2811955230089534E-6 3.608521425841778E-6 0.043513341599582624 1.2733484945929441E-6 1.9942056696574687E-6 1.6668139502817798E-6 0.0022827896532312004 1.413278214911962E-6 1.244920476730561E-4 1.4533637193641665E-6 7.403919959938316E-7 1.6423297142002538E-6 
Dutch/CKTAUS_pharma14.nl,0.00688395472181345 1.6634522696909078E-6 0.12071468899159367 2.284757359627294E-6 1.4240970759184987E-6 0.16281845555817215 1.5967670029112063E-6 9.952472337764733E-7 2.173993335335115E-6 0.002165579508348571 6.787546244855416E-7 1.6550663914299368E-6 0.6350073860676619 2.622660614358348E-6 2.4482864467244936E-6 3.197571802314115E-6 2.1825638937032E-6 2.932700755666603E-6 1.4072373007504731E-6 3.963521460858512E-6 0.06972341701540254 1.3986182953849822E-6 2.190392140240451E-6 1.8307921953543802E-6 0.002372416919000344 1.552314057179435E-6 2.716889509378537E-4 1.5963431035439271E-6 8.132304673471245E-7 1.8038992428927727E-6 
Dutch/CKTAUS_pharma15.nl,0.0055561659890620155 1.574025910006033E-6 0.059763308187117316 2.161929949933922E-6 1.3475383313980263E-6 0.09800741274816835 1.5109256097212414E-6 9.417432416723841E-7 2.057120544032048E-6 0.0028791750492160096 6.422651163145048E-7 1.5660908523542872E-6 0.7926034055827428 2.4816676951719474E-6 2.316667795329662E-6 3.025671946020019E-6 2.065230353480979E-6 2.7750402339895503E-6 6.517897024096452E-5 3.7504445350965753E-6 0.041074640816104804 1.3234292773266615E-6 2.072637757410782E-6 1.7323697251981165E-6 1.02184894535455E-5 1.4688624320558541E-6 1.6935479590896531E-6 1.5105244989713328E-6 7.695116053125703E-7 1.7069225243722124E-6 
Dutch/CKTAUS_pharma16.nl,0.007188015069173479 1.9049747673738E-6 0.7167748983706067 2.61648933303648E-6 1.6308667494376853E-6 0.0318379691649357 1.82860723168579E-6 1.139750687283046E-6 2.4896430896822374E-6 7.313228051898327E-6 7.773054006073133E-7 1.8953713138930536E-6 0.1487503999222027 3.0034539522231465E-6 2.8037617846288068E-6 3.6618385217666628E-6 2.499458037625733E-6 3.3585099143488157E-6 1.6115590440926729E-6 4.538999110736718E-6 0.06810150725715627 1.6016886149614718E-6 2.5084228948674835E-6 2.0966113666147E-6 0.027057462007054906 1.777700006093921E-6 2.0496270797669527E-6 1.8281217848753907E-6 2.3274640640098105E-4 2.0658137316040697E-6 
Dutch/CKTAUS_pharma17.nl,0.007074922017237444 1.6607628384602768E-6 0.24608919408425955 2.2810634166694134E-6 1.421794628639902E-6 0.6170716249696627 1.5941853868805473E-6 9.936381410231148E-7 2.1704784730948414E-6 6.375694621153348E-6 6.776572296769934E-7 1.6523905182936991E-6 0.08818378019890745 2.618420357218351E-6 2.444328113713487E-6 3.1924020420366373E-6 2.1790351747819987E-6 1.376593689058076E-4 1.4049621119671782E-6 7.132281816736648E-5 0.04037397390521574 1.3963570416106017E-6 2.1868507647909554E-6 1.8278322127947986E-6 9.539014485236384E-4 1.5498043116452865E-6 1.786871167575355E-6 1.5937621728639796E-6 8.119156551000677E-7 1.8009827402379363E-6 
Dutch/CKTAUS_pharma18.nl,0.021378222516359097 1.689095834180365E-6 0.7648350264153593 2.3199788828184897E-6 1.4460507717779833E-6 0.028709575144230868 1.6213825559750761E-6 1.010589836078518E-6 2.207507334690609E-6 6.484465436726994E-6 6.892182177623999E-7 1.680580680307521E-6 0.10318566666755763 2.6630912103085127E-6 2.4860289131175387E-6 3.246865154588989E-6 2.2162100156751506E-6 7.149289013403023E-5 1.428931088502177E-6 4.024622593748702E-6 0.07436104309174385 1.4201792136675992E-6 2.2241589414459305E-6 1.859015450438873E-6 0.007410583275389262 1.5762443293961234E-6 1.817355600373839E-6 1.6209521218301178E-6 8.257671227800347E-7 1.8317079197093306E-6 
Dutch/CKTAUS_pharma19.nl,0.018479938493910417 2.1286763235531377E-6 0.7997370733901354 2.9237441825764614E-6 1.822379747939655E-6 2.2669823335582996E-6 2.04334093334675E-6 1.2735918314117847E-6 2.782002360278165E-6 8.172021839576369E-6 8.685845244679283E-7 2.117945134668683E-6 0.05060125473090388 3.356150132000662E-6 8.947873883388578E-5 4.091848929162211E-6 2.792969879461124E-6 3.752900384580247E-6 1.8008047350135107E-6 5.0720146561175314E-6 0.08542401937668949 1.7897752194762195E-6 2.8029874816264574E-6 2.3428168457883592E-6 0.04560436509034554 1.9864556623861368E-6 2.290315185028984E-6 2.04279848042331E-6 1.040669740259839E-6 2.308402638528838E-6 
Dutch/CKTAUS_pharma1.nl,1.4241896199598543E-6 1.5530049847832968E-6 0.9417100647837343 2.1330576375244137E-6 1.3295421203324918E-6 0.0021434740895268445 1.490747381359711E-6 9.291663748391459E-7 2.0296479485332317E-6 5.962010528419005E-6 6.336877435423072E-7 1.5451758988645924E-6 0.03244421436882895 2.448525323933796E-6 2.285728977752409E-6 2.985264463956668E-6 2.037649452460053E-6 2.7379799080584764E-6 1.3138017739724878E-6 3.7003578029639495E-6 0.023643511360031066 1.3057550397557204E-6 2.0449579314083087E-6 1.7092341375181258E-6 1.0082022765591501E-5 1.4492459523330937E-6 1.6709308313900177E-6 1.4903516273952443E-6 7.592348711047825E-7 1.68412678097451E-6 
