English/CKTAUS_electronics1.en,0.007563222022374627 0.014792253877249462 0.03283176358287781 0.0044169065959376395 0.004731650124006704 0.10354428039702694 0.010546356940570097 0.04744558559274851 0.0020574937891586925 0.047285026247537096 0.06533918373968181 0.019490068751302356 0.007084863780110301 0.12569326875063916 0.005834785493568355 0.0014350258777129793 0.05905701635673454 0.008340528883230183 0.11589633654736552 0.06910574155887955 0.004730075421961501 0.05937132895506174 0.025149994631196722 0.055290527561365134 0.013370353534882296 0.028121222736349396 0.02137743626593479 0.019958135434311502 0.0022187567242259636 0.017920809825998543 
English/CKTAUS_finance10.en,0.016417320993510193 0.011795018990802621 0.15713918828658718 0.004742516941128502 0.003567775913065482 0.1396807657632575 0.0053124594623569195 0.02028343061460803 0.0043245933843086065 0.023352511865370188 0.04643333102528674 0.004477195411955469 0.0029987911162422847 0.06672483400898332 0.023466494149822468 0.0175532019433857 0.022290338966215375 0.011223085324105413 0.03472184741015281 0.020395291768115994 0.0070542381794208965 0.01304269581149225 0.07220711961896178 0.21634113670679556 0.008002852542991377 0.01065387091581972 0.012133863963890379 0.011639665069223516 0.003491809144312973 0.008532754707830895 
English/CKTAUS_finance11.en,0.013846153743541957 0.014160514643164967 0.1537635231086759 0.00454010281805825 0.004305713225232852 0.14193194501860845 0.005909898764422519 0.021235326185918616 0.0046954311030971115 0.02193814806099437 0.04648905134964171 0.005087409975237267 0.0029759998985670845 0.06417508501441019 0.022368479702765086 0.01916186669996753 0.02068612686228934 0.00997384518063384 0.03358754582249146 0.02178075401039293 0.006181867558755717 0.012984539011732363 0.07409144347927672 0.21514370290475698 0.00774679384135535 0.012045135392439886 0.012281637864248645 0.011771866593415446 0.005165625927293975 0.00997446623861349 
English/CKTAUS_finance12.en,0.01466468853288542 0.013979149772022319 0.1562819177889963 0.00576903494396017 0.005769209437691465 0.13972886243841204 0.005274239005635012 0.02103975224874231 0.00466100808750809 0.022336753356091824 0.05092735321730026 0.0053491195549116915 0.002600414750038337 0.06315739975950088 0.022184346473656042 0.017526481303237428 0.022793855867171007 0.010807385052164536 0.03478016374154973 0.020847036562990383 0.00691400010871287 0.013174468133235409 0.07009140921614247 0.21426730893363377 0.008518353782133743 0.010195913271603376 0.01153383757136424 0.01153233395071754 0.003822247437499007 0.009471955700492463 
English/CKTAUS_finance13.en,0.013819891591170133 0.011874801922725374 0.15266413550100846 0.0054704218787391574 0.004085494604263083 0.13766618539660033 0.006669762802023282 0.0214569097392923 0.0038597069456623914 0.023664734610850578 0.0452642281445247 0.004759137053787585 0.002662489094802008 0.06549375310433551 0.021942997840351766 0.018685334570829226 0.02269047400847495 0.011085280312767155 0.035044209747538246 0.022016618484046385 0.006406094856299105 0.01258306759583366 0.07322969901179031 0.21989897184558171 0.009065075683125007 0.010934841133293178 0.011910005581997457 0.01190853100605008 0.004272506252231577 0.008914639680005424 
English/CKTAUS_finance14.en,0.013483737841240191 0.013749547527227481 0.15055747097282848 0.005139165227846372 0.0037047748374840453 0.1386793351257581 0.0050650918899594055 0.02243114212547491 0.00483613748149517 0.022958812624986707 0.04662854233517879 0.0051391469947140314 0.0021187292378785755 0.06317846666654316 0.026469996512476744 0.018692338067331886 0.022769098107370583 0.011858551380663506 0.03488753670904627 0.021108001132254254 0.006988790367933698 0.013482259479449251 0.07396221149537963 0.21413268447881656 0.008764216758907402 0.010838551923944235 0.01310551905828228 0.012122488934492245 0.004421891121352067 0.008725763583684135 
English/CKTAUS_finance15.en,0.015728270151966928 0.012923762631559785 0.14684284030694453 0.004617770419706837 0.00488702266440592 0.13928414247308135 0.006310564640058569 0.02049503506287738 0.004309221409319238 0.02322337163641465 0.0469784159768281 0.003925840776674379 0.002657046729383579 0.06529058647299729 0.024299962655095476 0.020032345654997487 0.022492047398198812 0.009191655217697025 0.036522626080144324 0.020839124200579276 0.006923930878534434 0.01361259211656814 0.07477167396950474 0.2194180737483116 0.006655972882386908 0.010075046255125739 0.010538222060355387 0.012035848588714797 0.004809975449427338 0.010307011492140146 
English/CKTAUS_finance16.en,0.014477534439229342 0.012549650721745952 0.15030936268760944 0.005446144065249541 0.0059479816650912145 0.14164070361817155 0.005872088324882841 0.020343378966744714 0.00451896330856875 0.023931314399647567 0.050325839864941116 0.004944464227041765 0.0033234211194611615 0.06373135975988263 0.02296686732998779 0.01964735027819379 0.022695478608888323 0.009381837185228954 0.0358931873431346 0.02173072092342668 0.007491167572549146 0.012623735764724885 0.07382823984676222 0.2119379666448119 0.007222165204314451 0.00938111682667877 0.01312619033445727 0.011812633307171704 0.0040955252936070545 0.008803610367795011 
English/CKTAUS_finance17.en,0.016320209669739648 0.015266819029558218 0.15263043660577794 0.005053550579041861 0.0033582905310882796 0.14379012134432273 0.00516800651766976 0.02178353030462016 0.005240919477055046 0.02166965049259758 0.045367468027085085 0.004714445927606104 0.0026796425605714633 0.06256251767633304 0.021895987370148185 0.017901486958170176 0.02400462507895259 0.010440849630211323 0.03466716670359374 0.0224221975982905 0.00791674167325898 0.015376827441359545 0.07038597979149411 0.21268783587919698 0.008784392271539565 0.00934753440622026 0.011421593400610226 0.011985253415683825 0.005317291847326194 0.009838627790877044 
English/CKTAUS_finance18.en,0.015055075544730645 0.014315275546658096 0.1526786409072413 0.005008759967086777 0.004008147444642218 0.13749496993949856 0.0060850779264923225 0.020392836180395196 0.004822433908839566 0.019724810998626635 0.046856572886097035 0.004675148078987949 0.002413842144815882 0.06444028782177624 0.023320487567034746 0.01883469946203597 0.021391842063343634 0.011828502339830438 0.03306778548127392 0.022059006399408998 0.00689892358482093 0.013014994118253041 0.07269301671584587 0.21928763764375866 0.008382642090171552 0.01179074441918365 0.011866710216802485 0.011716986185686267 0.005490625186904822 0.010383517229756754 
English/CKTAUS_finance19.en,0.01362869773385425 0.014483940285405327 0.15474990730351493 0.004978706516294824 0.004867521351657104 0.14002735748739362 0.005499768418656437 0.02346529911410843 0.004086870328991622 0.021534310171504326 0.04499251327853297 0.004830215469668051 0.002343010296509132 0.06323204070723057 0.02450404766496832 0.018638556025465654 0.023908939891743926 0.009580971308060652 0.03756862099726729 0.021013690393922462 0.00835626739367101 0.013515889335672712 0.07067980787442293 0.2123588771092676 0.007986164683510657 0.011510428962121072 0.012328867506090472 0.012512996808682024 0.0038651653708685146 0.008950550210943263 
English/CKTAUS_finance1.en,0.018504964705734334 0.01468201117386317 0.14572730186817717 0.005468755053313744 0.006795819488890255 0.1384044989719656 0.005938546021548968 0.02033945996591131 0.005116471775124607 0.025958331123760572 0.046641564906792825 0.005156527724716099 0.0030878517087755365 0.061642766762415584 0.022719457389325143 0.01947944969274689 0.022210840850827637 0.011010033005879423 0.037821426890909816 0.02146932082485479 0.006522245671669944 0.01358615287871998 0.07606873334867882 0.210121772267789 0.009021049113333646 0.00905800149488265 0.01147954798722402 0.012258531942613038 0.00457116329613902 0.009137402093416548 
English/CKTAUS_finance20.en,0.015929715722015715 0.013112327265010288 0.15500808645564598 0.005719073696685331 0.004500242175034321 0.14073662361154077 0.005758610563943805 0.02050125091462555 0.005032359325704948 0.019281384830854984 0.048955989571241275 0.004195298227699788 0.003090286557477191 0.06843681803844115 0.02309105984377398 0.018023743043187993 0.02236602799582722 0.010213744581037191 0.03234679497964326 0.023508821507068303 0.006175992903859527 0.013680682277818485 0.07124241964759613 0.21576933590716352 0.007015167770915553 0.009984469909618566 0.011433923782994636 0.011318141475113048 0.004614357261181562 0.00895725015728009 
English/CKTAUS_finance21.en,0.015978113236266273 0.014510560055550683 0.15795071236508282 0.004826583704146782 0.003809688129792487 0.13803732422757917 0.006636131031342001 0.022043111702397367 0.003808503661601487 0.021439554043694346 0.046262983489064206 0.004374535391951178 0.0024907919780529225 0.06349246369807984 0.023436299590647927 0.01985691246870095 0.021928299195027524 0.010438883139169759 0.035753043406147336 0.021513914231889388 0.007124197879485378 0.013528141627047414 0.07282121935935915 0.21196973182262277 0.008180030942222685 0.009722465602349182 0.011306434660792545 0.012359687808297133 0.004412230119500237 0.00998745143213924 
English/CKTAUS_finance2.en,0.01580841630894823 0.012302441387388698 0.14949664930248607 0.005616813504002387 0.004213986699194323 0.14714704538525142 0.0056920538858922735 0.020792998555595903 0.004951244483709658 0.0215305833476577 0.044125649499320484 0.004361483839476698 0.0029212883932945256 0.06282201842997134 0.022749247886847315 0.019757852898626416 0.021714252837390573 0.010231530762821852 0.032421477652150296 0.02337567142511048 0.006318109780925386 0.011708746554215109 0.07403304512195007 0.22057084362804735 0.008239072812021749 0.009455501887234466 0.012226398730134699 0.011744972235588338 0.0041769042016536195 0.009493698563092722 
English/CKTAUS_finance3.en,0.014704544908656 0.014324342209938492 0.15515451216536585 0.005197043341936467 0.005044510567042786 0.14249359684518154 0.006152909976195028 0.02066039371985694 0.004012535938346758 0.021575775151823715 0.048489869333062485 0.004280781171800679 0.002486182110295273 0.06373728553824241 0.023179484633169583 0.018024787307298375 0.02203293001506671 0.010312324139033813 0.03726564056983617 0.022376497069910444 0.006838438328065495 0.013786806165655335 0.07292452165721641 0.20997786816524494 0.008023030705183929 0.009853489614934227 0.012298694990210456 0.0121063070865911 0.003937215667738307 0.008747680907100435 
English/CKTAUS_finance4.en,0.015400313011219394 0.01408452695750178 0.1513838280794574 0.005951726675247644 0.0036559816315048406 0.14063295932987502 0.005652048464138333 0.023605654595979544 0.003955902025319325 0.02469630603643143 0.04596121019230835 0.004483827076051083 0.0026392814540519473 0.06426792534651282 0.023868549320370556 0.018297312845543205 0.02285109140986147 0.010957171163681683 0.03561052465531685 0.022775791438631832 0.00715593677465 0.012914732080738754 0.07426644019806951 0.2086326225701526 0.008474361466016864 0.010730640653126915 0.011485262455319568 0.01125795197644478 0.004634404546479871 0.00971571556999681 
English/CKTAUS_finance5.en,0.014126743564453285 0.014719693119093458 0.15052367003073733 0.004477554576377715 0.00414504206937612 0.14011300211888716 0.005846645266655298 0.022924576620657753 0.004476561235040909 0.023145529354191036 0.04643268543377699 0.004551465941026814 0.0031095669344829054 0.06751690465628082 0.024143847759067007 0.020076940690969765 0.02233137166222976 0.010761137831452048 0.03504735058177286 0.021370268261170545 0.007064875444099884 0.01408833141477899 0.07282685509466884 0.2105186238434985 0.00795310167271155 0.011093129281387892 0.010429595107039459 0.011721900372500515 0.004884172493546858 0.009578857568068058 
English/CKTAUS_finance6.en,0.014005071947110339 0.013178735208630492 0.14834487225672416 0.005837714120801777 0.006063671559392756 0.14068176041013286 0.005462830488709468 0.02160677520545148 0.004783037579197175 0.026648466291491476 0.04858672562072685 0.00538612510523807 0.0030903557020771377 0.06316453684757709 0.02239645311255702 0.01870781006083904 0.022696268260210664 0.01103037132922597 0.037485369544052384 0.022395197036634562 0.0072298521596146845 0.01310045663254232 0.07590822638131149 0.20825468926926236 0.007757779812103952 0.010277050793865587 0.011182054224141664 0.010841893804572143 0.004784056175915055 0.00911179305989015 
English/CKTAUS_finance7.en,0.0149786972510851 0.012809240673097152 0.15676439013395568 0.005731823807476246 0.003860450504343888 0.136415507185196 0.005471225416082645 0.02433667867256644 0.004495598627278607 0.022688874143088344 0.04814132369058237 0.004272001091777497 0.002475035676103724 0.06529924419559258 0.023774647321556427 0.018570943680402345 0.02268792603469153 0.0110466046289642 0.03354303901422246 0.02126552841647991 0.005806481288586882 0.013891735694573552 0.07239799631467657 0.21175177607758308 0.008540025307652625 0.008612898166119752 0.011422066629907404 0.009661340476928057 0.010897293682036454 0.008389606197392659 
English/CKTAUS_finance8.en,0.014113330822156954 0.013298129745009742 0.1548842582920396 0.005350683747502056 0.003568911444320995 0.1399739032897496 0.006205937150654598 0.021612594010857963 0.004458715126835337 0.01890171869928938 0.046892507827798274 0.005499160984554082 0.0027517199313013964 0.06628558128195736 0.02220601131003499 0.019569418554334056 0.021165329665360125 0.010102127120287222 0.03371332541545377 0.0227245052452045 0.0053133573367066785 0.016339304551790754 0.07158127448593726 0.21565730504887243 0.007950226798633357 0.010509795828341108 0.011551098656889894 0.01091853188361869 0.008469089504409647 0.008432146240098323 
English/CKTAUS_finance9.en,0.013411336914187793 0.013187582993650172 0.15098816799750672 0.00522421732944195 0.004210567340722527 0.144655958402295 0.006051716512596927 0.01938188006441421 0.004322033500986123 0.020357304629443584 0.04476356556665291 0.00439812230862955 0.002933429607335005 0.06509216686585499 0.02242277514080779 0.01851687166394553 0.021257528314879152 0.011006348955676913 0.03361128855819395 0.02212113020565914 0.006613323515654247 0.02091965635939522 0.0716125260528575 0.21737612615502117 0.008116374109641581 0.010555060625962042 0.011007505712280322 0.0118696524863895 0.005074028866257791 0.00894175324366084 
English/CKTAUS_hardware1.en,0.011906303444531599 0.017757738110902036 0.08372579742703054 0.008881367156399683 0.004106404773315515 0.11923545796275782 0.00625371149319249 0.02827980581354084 0.0019592796488964114 0.030031836011834633 0.03529308697120197 0.007029631317301907 0.01170684561734998 0.06593262537514723 0.013269902095414402 0.009759329705393963 0.03002936745999088 0.005859135493805903 0.04211447777161984 0.04406315704100711 0.0039105127544554015 0.17290195264933222 0.03685619764580421 0.11481835174912604 0.019116687992619383 0.008196291516785118 0.012781606384983069 0.01755317540126545 0.012292391820299058 0.024377571394695152 
English/CKTAUS_industrial1.en,0.04808170675734748 0.01639972895308363 0.043200399881339405 0.006349952658229417 0.01658740589754486 0.1452157100632233 0.009473495559392826 0.024391021999986863 0.002350024971936106 0.03501580868382777 0.05529338920052624 0.008494802394387206 0.006446664317656628 0.07551287826011202 0.019514776959998408 0.011713041864557568 0.03130851738234796 0.003911514243078999 0.07732670860391183 0.0415454627809072 0.01034672825313737 0.13699361170989086 0.030143394468876206 0.06562799711007601 0.008302163712028444 0.009954403500010981 0.026728420327842818 0.01463516150490262 0.00176769212276818 0.01736741585707066 
English/CKTAUS_industrial2.en,0.04009810211585077 0.01541406959768265 0.04357697142769483 0.006015241761661753 0.012599151699616475 0.14352574065641838 0.01076287813173454 0.022962394710382514 0.001559118008516212 0.03670803686378707 0.05326208706108993 0.009500560082642145 0.005433569393422795 0.0794400204095074 0.020443717379173013 0.02160341016875848 0.03021893288577592 0.004174695222819397 0.08153165412147301 0.04290172741405903 0.011145945272585283 0.13235966973487592 0.03351545377718198 0.061201078487175035 0.008147475872354105 0.007464621622207765 0.02518668396853216 0.015598116406705196 0.0028203426814913187 0.020828533064824795 
English/CKTAUS_industrial3.en,0.051341394212114984 0.014017524288557646 0.0426564435569879 0.005891323274823406 0.012890692982822836 0.1474876593026986 0.010654139393664183 0.018307029328289228 0.0022493651022401015 0.03379591564925266 0.05059199700561448 0.007197747587699695 0.0043974653233963285 0.08095708445535767 0.019425444071374417 0.022782916882542407 0.0335135941876494 0.0028107778558122977 0.07737402526228793 0.04452520520060893 0.010556776029929167 0.1302858182917931 0.03295829305390668 0.06431002606688264 0.007853233475795331 0.007661636405744878 0.03071610597551944 0.015501393714331586 0.0017852948674669858 0.015503677194834932 
English/CKTAUS_industrial4.en,0.03621877813904794 0.014692544098599195 0.03990566586155338 0.004763199101320411 0.013101497237058505 0.14421925510086459 0.011838508906743796 0.027565067922605997 0.0024384395417938773 0.03473953805205357 0.0508858963839607 0.007612781335146986 0.005606686538216431 0.07150767348754646 0.020492154245677782 0.016901442792616125 0.042335886607136164 0.004339888430367642 0.06893290144166084 0.044868826601347736 0.009195385828672385 0.14270649350003195 0.03674738085022619 0.06713947356552313 0.008987373006266631 0.009720558750583889 0.02650695366309727 0.014682095628419165 0.0031800901561362064 0.01816756322572493 
English/CKTAUS_industrial5.en,0.03699357820220504 0.013072159416098338 0.048794100538657424 0.005502991484805806 0.010785754855632636 0.14070192678223656 0.01254996794007599 0.026015418872331005 0.0018751072361299363 0.03875271981682983 0.058016007812978214 0.009024468069199418 0.00456999016399438 0.06841376572815627 0.0159671388254026 0.019900720821214853 0.04423953486019705 0.0036375323858144288 0.06940852273431992 0.049521758725515 0.010784716095853032 0.13020640302028522 0.03233361037380483 0.06536989554452206 0.006230460230410821 0.009435760405289706 0.029120003915299262 0.017412026845009154 0.0022922080430650936 0.01907175025466595 
English/CKTAUS_legal10.en,0.023843589272130303 0.011191210865828348 0.12042412577254376 0.005795676483635325 0.010959963677294574 0.15562810927589815 0.002846952972994409 0.026681360424210755 0.007780316054117663 0.015217071925916358 0.04540593236193757 0.004149969890286376 0.003922550938231977 0.06404122611975657 0.027928945535791224 0.01141417782319899 0.030650970344836895 0.009653895984502484 0.040979261548238936 0.037801126482048635 0.03462312628751116 0.01317282609965439 0.07304420223719645 0.15907135242185988 0.0019949316369688524 0.009936574451325534 0.016862584067570626 0.008291467492565758 0.010221997101609764 0.016464504450338303 
English/CKTAUS_legal11.en,0.012804903846199285 0.01380215979522587 0.15195587389812643 0.008632242494019489 0.004746001280769488 0.16789799157422092 0.0014772677985019356 0.02754533469191971 0.004365344346771802 0.02095624411663135 0.06820918232366191 0.004082220146781504 0.003607903801507338 0.05144951292003666 0.025032636574578146 0.012993070466525916 0.03304097965612202 0.01360829120628334 0.03915523822004296 0.029628449840680304 0.012992399956435644 0.013845756025628295 0.05783134108804017 0.1602045348876026 0.004983884230546326 0.013844385592396773 0.00991287675386054 0.010005801477822391 0.008253085130190912 0.013135085858870153 
English/CKTAUS_legal12.en,0.017591844128761174 0.012948283491849493 0.1303818824160526 0.0058510123546562254 0.004002987632334407 0.17925374987193762 0.0019565872160017053 0.030330150610113564 0.004750708702420005 0.01584271451009498 0.05605396704799834 0.003802924020107575 0.003652688277351857 0.055523935550751746 0.02683269756610857 0.015292522872931091 0.029678370831615043 0.009047449752232551 0.03916960750235226 0.022634996211760895 0.025282373304451232 0.013094137266802666 0.06225005702033105 0.16669944090958844 0.003604317918899202 0.01698901017489351 0.014144172757866036 0.008297729195139282 0.008848189246101722 0.016191491638495162 
English/CKTAUS_legal13.en,0.01388977459070703 0.01497474194104369 0.11164721134381039 0.0052735102470353274 0.0069473833714481315 0.12618635018848562 0.004290875926882578 0.027525425288996132 0.003253964718600627 0.01822079896510376 0.04721356211176175 0.007144034357516018 0.0047316401975441005 0.068744028547177 0.028459952222980544 0.01492202705808622 0.03003353875998002 0.010736946070523425 0.0475578233345453 0.027621485097629284 0.08890642201492284 0.015463045151768703 0.07049887701239525 0.14369450604803796 0.006357622731010063 0.013049599557614176 0.012756685243141773 0.011573347598317525 0.005125845028805864 0.013198975274128897 
English/CKTAUS_legal14.en,0.017830476758295046 0.02141656045715247 0.11744470037354479 0.010709538717105354 0.009531438641045553 0.10955784080088171 0.0029540954250019125 0.023624245814630396 0.0035891754500098415 0.0156694464394201 0.048661805473357744 0.0030995025610346806 0.005013908965927897 0.06935069709378862 0.05799129888182655 0.024015212886947458 0.02367099011635912 0.011936428467603448 0.04517561623357511 0.02322908711809707 0.07571350607359907 0.015471905101733033 0.06668226230673369 0.13374670716822584 0.0038862366255702748 0.015470485483926065 0.009924969942814145 0.010414004552384417 0.007272768493691657 0.01694508757571695 
English/CKTAUS_legal15.en,0.01373544184027559 0.015148039784709593 0.13645471319438252 0.005191493889246838 0.0046958994811292475 0.14207448842076278 0.0039725846151275794 0.042414020658253095 0.007631176688722837 0.027196872705560506 0.0419930978245336 0.006602509563765986 0.004161513830548319 0.0696184510797144 0.025290352525571963 0.015831785041835227 0.024221294322630763 0.01152166635091141 0.04737003901085869 0.02574671226713253 0.028378008143445127 0.014992438292325036 0.08840616323702828 0.13466375638727526 0.004620354600850742 0.018690533089888266 0.010493167666761777 0.011254386611186537 0.007555936845821222 0.010073102029744437 
English/CKTAUS_legal16.en,0.018581378096797524 0.01745485803475354 0.10560911062092072 0.005887885083268326 0.006371571686794413 0.1323371730082621 0.0036330666447204683 0.032321184453790515 0.004879505617757485 0.015035062812222824 0.0351401084116005 0.00987676060081441 0.0029865466949491105 0.07041118097486396 0.03070889826995654 0.012818436558366928 0.03300421556957233 0.03606605828715088 0.04823470914537958 0.023777351998987603 0.03949108346869728 0.013825359781576712 0.08913278062904814 0.14815884284766725 0.0038339523167928605 0.015677620705918313 0.011690719125556555 0.009311911781452176 0.0043970938202000254 0.019345572952160967 
English/CKTAUS_legal17.en,0.01618882672909302 0.01387892880643948 0.12517613023798724 0.004586099932204149 0.0062130146580869 0.13696390166154357 0.00266134363874916 0.0312576787011352 0.005997626613485396 0.018114534278011553 0.040203032475573254 0.008524451670240183 0.0031730787842381715 0.06778830684177911 0.03725020447815069 0.011992324371655124 0.02594738639074667 0.030613141056489244 0.04422674914358569 0.025433658343184135 0.03082741291137511 0.015330982428512305 0.0759069010158062 0.15428745339505212 0.006470681364597571 0.01438795993165153 0.008268477232164742 0.012033929830928361 0.006298444125627434 0.019997338951906547 
English/CKTAUS_legal18.en,0.022195732079386722 0.01486897941287222 0.14820114899023765 0.005094509543869876 0.006926801205409608 0.14862298943531563 0.0020832559109762376 0.029035874941872642 0.0054191231143703705 0.015965935740313773 0.047599688604963046 0.004605928399627908 0.002936369089888918 0.06296451359455177 0.020200436990564535 0.012423285516556692 0.032860989024392114 0.03224994433815661 0.038316761273216045 0.026021102333454733 0.02154252384729031 0.01397001947566059 0.0695458266693402 0.15333257956510857 0.0034262203099703634 0.018121614846145183 0.009695943560043963 0.009205778367998563 0.0075780383560481905 0.014988085462397173 
English/CKTAUS_legal19.en,0.012109250096999962 0.015631576563882577 0.1398572354038173 0.00603465208708682 0.006122866296622943 0.1403572025109204 0.0037479797628314276 0.03596109081899447 0.007573697834532185 0.01831348089723276 0.035475373304883005 0.004714435126275311 0.002073711249927666 0.06911349126670116 0.020074067997838008 0.017960802348201806 0.03710315178993435 0.026057143811610735 0.0473128479770593 0.0272456624510102 0.017212068886210224 0.015540035630984063 0.08194797526688509 0.14910026453837202 0.003263281444707467 0.01479065229777556 0.011668366300952077 0.008058097943230197 0.010875378273943437 0.014704159820577349 
English/CKTAUS_legal1.en,0.03615230188413572 0.014905593377285616 0.1278467406206431 0.005611235424897773 0.00510176867302901 0.15934133995370234 0.004750242619105086 0.03583894527201305 0.016077525842333625 0.012472752743551118 0.0451287170050258 0.0038862609373726087 0.0023178233483906268 0.06866610210229702 0.028664103382696725 0.012432991210329895 0.017372201647176656 0.008707890225159958 0.04418758257093104 0.021998193813257457 0.006826331049022055 0.012432627810420243 0.11122740363415957 0.1352184833562575 0.002436675861758437 0.017645564449174322 0.01353113279579978 0.011608615330833679 0.00616009257646266 0.011452760482777675 
English/CKTAUS_legal20.en,0.01567682998608553 0.021477182597114487 0.13394631938852078 0.008548675474821757 0.0316545004625323 0.13289998013168833 0.004168251267533699 0.035064613197981716 0.006599885611562273 0.015322027779483284 0.04334025942783399 0.0059813626910088765 0.005803973705914972 0.061771169789994286 0.01890771108224253 0.020987144309389902 0.024749062968930598 0.013240142558401419 0.04258749566234947 0.022580116141728487 0.0215619454943782 0.016870215026578057 0.06613775965760806 0.15824872933312886 0.0036364573086057053 0.011778615993104839 0.010674214766600952 0.012177435139936726 0.01545381272858194 0.018154110316357986 
English/CKTAUS_legal21.en,0.011428534122433946 0.015807084733349314 0.1494004475650673 0.006925032090091842 0.01680437862454488 0.12311277231551962 0.011136715475319999 0.028977872227261593 0.006006859465647194 0.019264511528492474 0.03985589016973756 0.0040488019864993235 0.006507855014744907 0.058004748015417294 0.02322481971032156 0.011969182788307232 0.028475664433593603 0.015845000072286827 0.04273183476094721 0.023640270364777814 0.017012381580845642 0.01901342661283965 0.06582677099673877 0.18233253915292172 0.004716754799270823 0.013718327614196743 0.008843338205425495 0.0119680114421554 0.008717460938648893 0.02468271319259559 
English/CKTAUS_legal2.en,0.015062846765968143 0.0130327743311405 0.12109143847229163 0.004393242626249481 0.005686523121360531 0.13168357965729585 0.0032866467011891947 0.04027801994246425 0.007255226697045982 0.014600313200130518 0.03769015407959421 0.0038390477251370038 0.0030074399388390835 0.07982525205219448 0.0312720144285066 0.00924265411979932 0.02933089831850416 0.02679055170686701 0.04604863007232192 0.034179879091752075 0.012243769027809749 0.0140450552134977 0.078700723976927 0.1638106506487952 0.003424532330784407 0.01552151349656684 0.018664109636500788 0.010903874200440434 0.011181865957153765 0.013906772462872367 
English/CKTAUS_legal3.en,0.026977254523573226 0.026910947447785608 0.0945938916448727 0.004710731274852396 0.005817325885130362 0.13963057455757086 0.0038144989657516505 0.016952084331956208 0.004570588408618527 0.015291104792487424 0.037415651661698024 0.004088416198168776 0.003603896973091845 0.05479731699919773 0.03236979231405101 0.018401529076784984 0.019852752450413104 0.07060269855849255 0.03713864183407447 0.019368711495574214 0.033819308163380093 0.012869495422337224 0.08277576365529236 0.16256348675572357 0.0027763783877535527 0.021510297341519814 0.011073214302869937 0.00858136403886233 0.00920500137641362 0.01791728116170186 
English/CKTAUS_legal4.en,0.026518839336711397 0.012030186204722133 0.09928694691241387 0.003533249787076841 0.0051900542257285395 0.09435534536481201 0.0013632362619352602 0.025587870393940487 0.004048071407240601 0.014094734296915667 0.04235435258514058 0.009433879779192463 0.0016690450767960388 0.041255930708894585 0.01978914013681967 0.023720686096792266 0.029413175995731563 0.052704462135522476 0.03655653423840624 0.03013775489389842 0.03086214999561739 0.011400763016317764 0.1665832243337633 0.12320413204086378 0.0030180935733393655 0.026718833586573783 0.01958102675370218 0.013469227658769534 0.008191701578238564 0.02392735162412312 
English/CKTAUS_legal5.en,0.022088123282920355 0.015490424072861537 0.1125128846265222 0.005656868178683715 0.008517509682353652 0.14172916773651784 0.0027993399854194 0.031402962116674385 0.002794591051278807 0.017099774325803844 0.03682746705494863 0.004630056155268108 0.0026492900562764825 0.05115755371917737 0.022747589208316602 0.01695204806287835 0.01871142271284069 0.03653271328234347 0.04936834290709082 0.024285306066682152 0.04379388451127475 0.011010732170639383 0.08926926993671515 0.1549801964117796 0.003385025249954858 0.01650920047285618 0.01541271116250564 0.011302715832524938 0.017391472234301188 0.01299135773258983 
English/CKTAUS_legal6.en,0.014753291670190447 0.009870412717636027 0.14435591193318204 0.0084515711923449 0.0047996295910350565 0.12259645551641096 0.0032946381391354158 0.037670851063985246 0.004250371572313378 0.01822211965776629 0.0530081749729326 0.005301569522811014 0.005072965236696225 0.0568607073557563 0.024385461616646995 0.02096058259199876 0.025570915763698118 0.018037971380577392 0.05177528361186145 0.02602740543811025 0.031551172580017696 0.015755845262638547 0.06487944053451569 0.1542184389252153 0.0025179062182456957 0.014658880169574326 0.012469848576547028 0.023059286166097127 0.013427634872503954 0.01219525614955595 
English/CKTAUS_legal7.en,0.018803734660785585 0.0151347529058455 0.13595663355793428 0.005003375995450437 0.004915125263059272 0.13393819164112003 0.004916598326540421 0.03269114646036727 0.005488678459107136 0.01973179764739805 0.04542671010059754 0.0053129397856368586 0.0037204534587359376 0.07109527073315415 0.021280051188133097 0.01455667349840535 0.03193717762950232 0.010088938877895765 0.05241420764658692 0.026629975418918806 0.01707695547954908 0.014069772587471859 0.06979720573526653 0.15785039382171004 0.006021629888004122 0.019375667803987553 0.01323037930072981 0.02039332212304574 0.008939538690103058 0.014202701314957347 
English/CKTAUS_legal8.en,0.013618918498955572 0.011239904881664348 0.14025047640342753 0.007103523518449777 0.003015844493570888 0.1648838521954704 0.0033767151677058906 0.03657427280306266 0.006383567444759317 0.019008831900016638 0.04807257522535639 0.0029706956447964413 0.0036891051675192934 0.05743380126060473 0.018335337747854608 0.018244521805186896 0.029968614781530765 0.011415530516341794 0.04101956564788437 0.02341000241938457 0.017030997525658398 0.010068336656893174 0.06352742529994476 0.1690919697300069 0.006655367435287846 0.019096320820836968 0.010832930924218411 0.01635654361716283 0.008810560931275045 0.018513889535172988 
English/CKTAUS_legal9.en,0.016524515907075026 0.0122812126808911 0.12503828056295652 0.0068408755749595615 0.005909189393238186 0.12490166089885725 0.0037882006734170828 0.033610126905834946 0.009842346789700581 0.013676163239272772 0.045567867237341936 0.00399330853262696 0.003578729458772765 0.05837607769497354 0.0377512205486543 0.007876795271519467 0.030501236602923056 0.016418410924110186 0.04675832793095283 0.029258639790133125 0.025479049968283693 0.016522488447670316 0.0766339776238407 0.18349250458583646 0.006686779057953813 0.014967786688416697 0.007877379779943454 0.017660530320434572 0.007099753145451003 0.011086563763958142 
English/CKTAUS_pharma10.en,0.011427780997024212 0.010917291480817472 0.07460134231214928 0.004113350577446104 0.005973702735434324 0.07520176962432365 0.003923360209970744 0.01854776149596455 0.016939619798242225 0.021560891084109548 0.13996231501346937 0.007127897916600377 0.003920415138713149 0.049421658498899526 0.03291414012584612 0.02014889894478241 0.02040474709071061 0.022007706092773315 0.0445857799113176 0.027139402430599233 0.06395558710058398 0.019635184681337244 0.036442909640890454 0.0979507075622714 0.009053644129404868 0.08101527583272357 0.007065070371346742 0.051703958965198166 0.012002578701562265 0.01033525153548752 
English/CKTAUS_pharma11.en,0.016417046478266483 0.007878284292709764 0.07706217065024097 0.0024045154329824683 0.004371134625384677 0.05699084644549092 0.002406842993274305 0.015925887722060297 0.00891635977614231 0.022007858914272413 0.12259744253152254 0.009716806312849036 0.002711261883380912 0.05195608467020793 0.027968777317849237 0.021699743942343815 0.02139182174173462 0.018749037214187508 0.04308324626913937 0.0644668809694994 0.06723189592319492 0.026860812385941554 0.04308602952386743 0.09304098613783224 0.005662715915308279 0.07140888777494875 0.008427654140638601 0.07509639171539885 0.0024659755071529763 0.00799660079217735 
English/CKTAUS_pharma12.en,0.014573943329174516 0.014507443138083147 0.09403726518358206 0.003892325605068657 0.009232113819572268 0.06514595527625619 0.006252640838253865 0.012632797961486865 0.01713512454871621 0.021437892035071786 0.12593794478287187 0.01110404546402213 0.002158173676152775 0.04878531421717116 0.030730472799486368 0.017761684582877437 0.019009103209199626 0.01880048793998201 0.04300233978130855 0.026844906380424575 0.05804944104112385 0.020604136866640015 0.04966248376024654 0.10416407187047079 0.011660468543504344 0.08578528709791933 0.00812368172720727 0.044873154835115656 0.003406932674041297 0.010688367014968763 
English/CKTAUS_pharma13.en,0.012691947274659405 0.010060124294805866 0.07964896247476666 0.005154159723432204 0.005399494211005943 0.06521287921883133 0.006688070544320173 0.020166532224458078 0.02965795736450894 0.01802092211677146 0.09901050704294143 0.008033519800346936 0.004969876467205233 0.059458068061021815 0.029967780109874696 0.012138743578611014 0.01973475141318683 0.020836980509620243 0.047977529957261816 0.021388829814274278 0.05967843817042871 0.020653817468725428 0.04038361722810669 0.11346878497992208 0.00791247047943718 0.10145874752427372 0.0074834008747248874 0.05765588420448048 0.005092908079749177 0.009994294788247217 
English/CKTAUS_pharma14.en,0.013882824496279192 0.009522068186685766 0.0795903620206927 0.006065218949721821 0.006195768202585866 0.07231979892217877 0.00443954143815832 0.01915846358467729 0.062071635432993336 0.022738910220071518 0.10551280580592416 0.008279463849235901 0.002808406724383466 0.051679146547171456 0.03328976847313081 0.013685500521606242 0.021499870884969532 0.020717813179631946 0.04839708641673781 0.02592838206304042 0.05562557835515953 0.019481090818316244 0.04045469168769153 0.0992608015545114 0.00795540604193809 0.060703823373572656 0.00847617376496566 0.06389564306442941 0.005348848144129638 0.011015107275409565 
English/CKTAUS_pharma15.en,0.008592424770609654 0.008111399797359167 0.08594890738915112 0.00556819709115684 0.0068376696855326465 0.05998243221209566 0.0069605585493282066 0.01536189063405509 0.09108622981291559 0.023761396408549684 0.11907110116590883 0.006293422941585304 0.0032106324198720388 0.051827227698767006 0.02823425043254161 0.0084697424040446 0.02170497626052533 0.01813863004913427 0.04455076098285068 0.021765375640618992 0.05766535429928533 0.019771073217913243 0.03566912423752599 0.10226942450374547 0.007261887642513703 0.06086711130417082 0.011008817373133488 0.05270860153833625 0.007502222337371498 0.009799157199401925 
English/CKTAUS_pharma16.en,0.008770122383450644 0.012037223325573132 0.07603165625231667 0.004070310834645368 0.008210174725212177 0.07813016020136343 0.0031180569510398035 0.014581895180348366 0.01927287351951315 0.0188788086606194 0.09506035072026799 0.006856474308076431 0.003751247900288958 0.04971605684049476 0.030979475580333232 0.014419752529539451 0.023414321123418562 0.024368920017906998 0.04769441125661182 0.03018076074032311 0.055335991699830396 0.0320118896057033 0.04618550733938954 0.0991203307061788 0.006221548532535572 0.1126502320066814 0.01099760318222011 0.05246907323417476 0.003433480230137607 0.01203129041180497 
English/CKTAUS_pharma17.en,0.009397206544975794 0.01567928815097393 0.07892854418944359 0.0039745677491670565 0.0114440165624985 0.06123798297247914 0.0035143809647997727 0.016073627538362927 0.02942076906608498 0.02188881515615681 0.11138539884640763 0.007874355764486713 0.0027842608847739553 0.057672937597339685 0.025590829062417463 0.014947516831364405 0.020499069401943442 0.021820485666483275 0.03649521546917407 0.02155660554091696 0.047665410036801116 0.02406851686488751 0.03438305279154179 0.11164986462560049 0.008867429947407583 0.07291350285303073 0.021359831441668004 0.08322555768795119 0.005296553520588478 0.01838440627027291 
English/CKTAUS_pharma18.en,0.017746281237285687 0.02628059735217805 0.08538966597887344 0.0038379163177991046 0.005786375204462621 0.055922943176809126 0.004041993851101701 0.02271789274476515 0.027549820964653714 0.025403481340798013 0.1150846470293455 0.0061219239192857435 0.00558399521447153 0.04316354121338094 0.038033377139013634 0.010018843686609187 0.02224443028341654 0.022176686952755105 0.04105445077588093 0.0223115650941237 0.04031501276497762 0.01962462470435067 0.04159491473589837 0.11501754175034305 0.007937340993743101 0.08881566017095323 0.010153957400572726 0.061945278199597234 0.0047784165172121045 0.009346823285342377 
English/CKTAUS_pharma19.en,0.008978475736229181 0.00961083403285342 0.07479628395541753 0.003470524292050413 0.005908775801394606 0.07152173918948491 0.0055968284304509595 0.0168431885182261 0.024308455684083467 0.01676277056087568 0.0990208011524122 0.006694795114462333 0.0036271755399027218 0.045496437507523566 0.036030564569154336 0.0169189345820924 0.020535579152311443 0.0191980084063611 0.05183529359087401 0.03044438045198678 0.03799379178211985 0.02918630740002851 0.04900775520636458 0.08966252617119695 0.004809291959200092 0.12441910575224975 0.008898371252926461 0.07416786641126416 0.00417831475603466 0.010076823040467723 
English/CKTAUS_pharma1.en,0.016003172028519818 0.012956545614165144 0.08227195191524067 0.004861936589998542 0.008471452400741519 0.060327900228833546 0.005922171853020362 0.015816918872834512 0.021164033566963603 0.01743344462298058 0.11413503199473893 0.008408909762348737 0.0025589957196521834 0.04894418367377582 0.030003987443878524 0.015067890089808434 0.01985876535593312 0.016995747519762076 0.03933642742175503 0.0262682227337676 0.05507969527265455 0.01936105401033997 0.046993305603769166 0.10504979252080496 0.009654973464676222 0.10815879163567778 0.0103392549921473 0.06260843031695372 0.006230967533994991 0.009716045240262516 
English/CKTAUS_pharma20.en,0.011759740719116101 0.010594019234104971 0.08458460925422427 0.004292565631936393 0.010459329590448064 0.06390170719972316 0.005593227961482743 0.01935468176386613 0.023958606306667005 0.021365431264055584 0.1052284243633283 0.012730857875370769 0.003058750446637703 0.047613456016017575 0.028116571226468604 0.010913968154645962 0.021104146390951237 0.020454497987477147 0.03739687146139495 0.021623386451047683 0.05115736239122682 0.03317755871565638 0.04447502131258566 0.12664885418117602 0.0046186510566871 0.09587891717887148 0.009356856616953388 0.05888076826712951 0.004811859762330341 0.0068893012184188685 
