English/CKTAUS_electronics1.en,0.003825455732881108 2.5719572413509824E-6 2.7211249166753697E-6 1.1842140548516426E-5 1.5258416712975573E-6 6.756486133228783E-6 1.3141469865091122E-5 0.010807721562957099 1.3799037496239825E-5 9.292404909713855E-6 6.806771988242194E-6 0.07476745327619584 3.014457596012203E-6 0.15900177708497382 1.1112140194995783E-5 0.7426723692210706 8.864830606304658E-6 0.008817002816437118 5.751622281316624E-6 1.1020020035569406E-5 
English/CKTAUS_hardware1.en,2.5539448821861717E-6 1.5350225528409474E-6 1.6240503726259743E-6 7.067750786687486E-6 9.106688633268166E-7 4.032477066770948E-6 3.053121109040065E-4 0.01190397412253376 8.23568659061367E-6 5.545990764235326E-6 4.06248919927978E-6 3.1651823808137554E-6 1.7991202653240288E-6 4.5388016975121044E-6 2.0494465146200685E-4 2.0896812448100347E-5 0.987502818558792 6.97273059526935E-6 3.4327436612460716E-6 6.577084181412212E-6 
English/CKTAUS_industrial1.en,2.498694123857556E-6 1.501814647420768E-6 1.588916484155113E-6 2.9794843929418466E-4 8.909679114245205E-7 3.945240487220675E-6 2.0169594611887655E-4 5.1059900988031196E-6 8.057519891456594E-6 5.426011591017929E-6 3.974603352358179E-6 3.096708418040276E-6 1.7601990028970793E-6 0.993981157120008 7.825781593515088E-4 0.004676982160063379 5.176342840155117E-6 6.821886050542918E-6 3.358481412379822E-6 6.434798852097232E-6 
English/CKTAUS_industrial2.en,2.4842342119017635E-6 1.4931236646516976E-6 1.579721444135361E-6 3.926740089975971E-4 8.858118911531217E-7 3.922409429371319E-6 1.0407894054370369E-4 6.802249972240785E-4 8.0108911236134E-6 5.394611329125889E-6 3.951602371971846E-6 3.0787878047686954E-6 1.7500127530621972E-6 0.9792591696634727 1.0290083380651406E-4 0.019117385567072775 5.146387408232907E-6 6.782407880437405E-6 2.9268842681921174E-4 6.397560750816187E-6 
English/CKTAUS_industrial3.en,2.3955122920753833E-6 1.4397982586044605E-6 1.5233032857173196E-6 6.629306687442108E-6 8.541760126954389E-7 3.782324531879905E-6 7.3566796224506615E-6 4.895141797514131E-6 7.724790225154637E-6 5.201948225323454E-6 3.8104748779730287E-6 2.968832002908928E-6 1.6875128122641564E-6 0.9793488711987308 6.2206477794007076E-6 0.017690585927044204 4.962589371461168E-6 0.0028897009628582643 3.2197952639525232E-6 6.1690783197720576E-6 
English/CKTAUS_industrial4.en,2.6877305949622755E-6 1.6154330925482215E-6 1.7091245409064097E-6 7.437987467720106E-6 9.583732925934704E-7 4.243714130810263E-6 4.256560558562711E-4 5.492279217009892E-6 8.667104358636406E-6 5.836511649246667E-6 4.275298417271059E-6 3.330987126185181E-6 1.8933652855455586E-6 0.9839255617145705 6.979478006641465E-6 0.015570214716085625 5.56795443214159E-6 7.33798974365212E-6 3.612564322490859E-6 6.9216178091095566E-6 
English/CKTAUS_industrial5.en,0.006012976619082015 1.6042172351229373E-6 1.6972581892380638E-6 1.1101233818434049E-4 9.517193629076714E-7 6.259702036419402E-4 8.196781856822072E-6 5.454146643818226E-6 8.606929160279423E-6 5.795989090422705E-6 4.245615270553409E-6 3.307860277499781E-6 1.880219761169081E-6 0.9647627310444289 6.931019899285303E-6 0.027897230693891637 5.529296450359832E-6 7.287042510286252E-6 3.587482499809604E-6 5.250035225633814E-4 
English/CKTAUS_legal2.en,1.2131053529647951E-6 7.291246137540161E-7 7.714121844440905E-7 0.010977312875204521 4.3256112556919154E-7 1.9153974502457647E-6 5.0824000128319765E-5 2.478936442000621E-6 2.865030266393645E-4 0.1354108865199567 1.9296529961873778E-6 1.5034387453139734E-6 2.834457041738781E-4 0.001791899753345035 0.7993121756891377 0.023747581179543596 2.5130923982319086E-6 0.0027350263021605936 0.025387734160970264 3.124067431142635E-6 
English/CKTAUS_legal3.en,0.0025461538854332456 1.0941226576062066E-6 1.157579285395683E-6 0.014422927549172414 6.491001940644457E-7 2.874240848687169E-6 5.590442835703126E-6 3.719886116577632E-6 5.870175186063011E-6 0.13237997108965632 2.8956326869505353E-6 7.293198722103572E-5 1.2823643811658534E-6 3.2351353838017924E-6 0.35508060260698454 0.0012163855046669599 3.771140463091116E-6 7.564590485283459E-5 0.4941685536838322 4.687968141281181E-6 
English/CKTAUS_legal4.en,0.006836641905734601 1.6530370524775962E-6 1.7489094450581346E-6 0.006521164069584714 9.806822517563778E-7 0.00908060479399641 8.44622774506262E-6 5.620128181197936E-6 8.868856722450969E-6 7.53429268512954E-4 4.374818571408536E-6 3.4085256556334943E-6 1.9374389353040977E-6 4.887750584478305E-6 0.005346119766446216 9.835193938482318E-4 5.6975649596965016E-6 7.508803052823091E-6 0.9702027462070617 2.206418516578491E-4 
English/CKTAUS_legal5.en,0.002320708451329766 1.1579576505759575E-6 1.2251165628951117E-6 0.0035957035328416645 6.869709995328406E-7 7.784134910730683E-5 5.916609080990174E-6 3.936917454379863E-6 0.0015770003741176664 0.022369208710351054 3.064574158849929E-6 2.38768293439613E-6 1.3571820633400617E-6 3.423884646094748E-6 0.41903132501453766 0.008542896987033706 3.991162161093469E-6 9.028529184862748E-4 0.5414755537088054 7.976089567726147E-5 
English/CKTAUS_legal6.en,1.2410451180675954E-6 7.459175249295951E-7 7.891790463066078E-7 0.016915764728659997 4.4252370318989786E-7 1.9595121305639895E-6 3.8112813534009823E-6 2.916356932029187E-4 1.9673509731219093E-4 0.06895296457284662 1.974096004629823E-6 4.972134250024074E-5 8.742512172720031E-7 2.2055517829940786E-6 0.8972722097377109 0.015187886743537984 2.570972953384541E-6 3.3882772197700015E-6 0.001109883456451681 3.1960197228196193E-6 
English/CKTAUS_legal7.en,2.770069523374573E-4 7.116616257706987E-7 7.529363828417095E-7 0.005060029921380536 4.2220101757753697E-7 1.8695224900181798E-6 0.0032675405858571963 2.4195643724236787E-6 0.0021644309286422193 0.11244637410282925 1.8834366067681596E-6 1.4674304522899648E-6 8.341016557755912E-7 2.104262891202589E-6 0.8361602009711282 0.02262716603710289 2.452902272259703E-6 3.232672238141795E-6 0.017930080081041862 4.9019727675164726E-5 
English/CKTAUS_legal8.en,1.1681553283143255E-6 7.021078593712183E-7 7.428285197016261E-7 2.7535282837540086E-4 4.165331415118709E-7 1.8444249148484268E-6 9.429413224633507E-5 2.3870827098391494E-6 3.7669415813378944E-6 0.2794245177419646 1.8581522402691138E-6 1.4477307983519295E-6 8.229041820266448E-7 2.0760140221085536E-6 0.6993516696760823 0.011665368649711181 5.013068082379411E-4 3.1892749348576023E-6 0.0030402444710391522 0.005626823542110424 
English/CKTAUS_legal9.en,0.011234282478821201 8.241463685074434E-7 8.719449850399312E-7 0.01246114648575451 4.889338174442857E-7 2.1650179175010307E-6 4.210993282483915E-6 2.801999038157311E-6 2.17367886648198E-4 0.028910422279211655 2.1811312898893E-6 1.699371491307131E-6 0.004845491656176417 2.436861223606797E-6 0.9170563079866749 0.0025133370780478477 2.8406063033077534E-6 3.743626168903208E-6 0.022733848311303498 3.5312054754157558E-6 
English/CKTAUS_pharma12.en,1.6549902801429679E-6 0.004563071183330986 0.6936936939779316 4.5799965911668174E-6 5.901255456792046E-7 2.6130988170318936E-6 6.933711569632745E-5 3.3819121369603576E-6 6.9591432683766E-5 3.891214647089468E-4 2.6325470783999945E-6 2.051080315657607E-6 0.30039141218099863 2.9412039176229047E-6 4.297665950268117E-6 7.845965903694731E-4 3.428509718475943E-6 4.518422242279644E-6 2.2244635869829634E-6 4.262038099507352E-6 
English/CKTAUS_pharma16.en,1.9139920337349794E-6 0.025935437655265615 0.035447220049908364 5.296754364786592E-6 6.824786869660241E-7 3.022042110561089E-6 5.877918572445349E-6 3.911172752249997E-6 6.172035519137526E-6 4.1563082335699355E-6 0.007731313519833878 2.3720691485753967E-6 0.9238267332319916 0.0024556406922576633 4.970239699387637E-6 0.00454858761045748 3.965062736307452E-6 5.225543787500128E-6 2.572586459209375E-6 4.929036180942011E-6 
English/CKTAUS_pharma18.en,0.0028148843658308605 0.5453691327518457 0.02904898964395985 0.004388020306130581 6.008585487151077E-7 2.660624970986199E-6 5.174956654845566E-6 3.4434212065116104E-6 5.433899073293247E-6 3.65924003332255E-6 2.6804269507280175E-6 2.088384667953519E-6 0.41177505305317175 2.9946975357321223E-6 0.003995193406814068 0.0025652940185677273 3.4908662890166627E-6 4.600601771701749E-6 2.26492137534199E-6 4.3395546012010686E-6 
English/CKTAUS_pharma19.en,1.9941610173310262E-6 0.03948683684518439 1.2680845095217539E-6 0.004650887821697103 7.110648156936668E-7 3.148622597897475E-6 6.124119575013638E-6 4.0749951395378695E-6 6.430555829340901E-6 4.6886731918588636E-4 0.012313400459939835 2.4714250337144467E-6 0.9399144413676681 3.543968968831779E-6 5.178421895502149E-6 1.711622057225053E-4 4.1311423457633096E-6 0.0029475115851755 2.6803411614300036E-6 5.13549253696098E-6 
English/CKTAUS_pharma20.en,1.6672025793639576E-6 0.009904498925411434 0.009127812189760135 4.6137927345481615E-6 5.944801269889883E-7 2.632381072058099E-6 0.0016880672024067417 3.4068675239805694E-6 0.001623594658304297 3.620395323233059E-6 2.6519728436268366E-6 2.066215393392885E-6 0.9768225553031109 2.962907285154982E-6 4.32937875436507E-6 4.0201376203143947E-4 3.453808952596208E-6 4.551764023854777E-6 2.2408780730717187E-6 3.9266591428870453E-4 
English/CKTAUS_pharma21.en,1.398511824579936E-4 0.042044305022807905 0.02920357563140875 4.92084616980793E-6 6.340434918143718E-7 2.8075691868244615E-6 5.460765423813639E-6 3.633598640200861E-6 5.7340090275245526E-6 3.861336970367102E-6 3.4801102868711726E-4 2.2037245037994303E-6 0.9269545096424617 3.160092315477357E-6 4.617504098426205E-6 1.4549182986207644E-5 3.6836640771414736E-6 6.261833043452163E-4 6.237186261652401E-4 4.579224774530477E-6 
English/CKTAUS_pharma2.en,3.243660798400571E-4 0.02368745214679802 0.022009450754187896 4.600392741865469E-6 5.927535584563344E-7 2.624735759593258E-6 5.105151584472864E-6 3.3969728445879743E-6 5.36060112463232E-6 3.6098804879053897E-6 2.6442706301240067E-6 2.060214414860623E-6 0.9481692393074014 2.9543020143452914E-6 0.004070383668893933 2.072239483814478E-4 3.4437779396411502E-6 4.538544183232924E-6 0.0014866714789314559 4.281018282053472E-6 
English/CKTAUS_pharma3.en,2.8757277653429584E-4 0.7551931292516639 0.022574068147326876 7.652490299165439E-5 7.208927733167726E-5 2.9050382913982192E-6 5.650344337360723E-6 3.75974463421691E-6 4.3453240625440187E-4 3.995389252578147E-6 0.006074750532731758 2.2802302067116088E-6 0.2145152618906222 3.269799805431815E-6 4.777807891455187E-6 8.648750240519083E-5 7.524477021006714E-5 5.76489003739585E-4 2.472984127460829E-6 4.738199641653978E-6 
English/CKTAUS_pharma5.en,1.7986453219773185E-6 0.5623579392409938 0.1278634816843085 4.977545513235662E-6 6.413491153697418E-7 2.8399187714340312E-6 5.52368586543256E-6 3.6754659634355012E-6 5.800077857122211E-6 3.905828357298953E-6 2.8610551640461404E-6 2.2291164238370176E-6 0.30719210514264855 3.196503768564008E-6 0.0025186216451202523 1.471682267545241E-5 3.726108268114913E-6 4.9106264407138915E-6 2.417549560647668E-6 4.631987862252445E-6 
English/CKTAUS_pharma7.en,0.0012108420135751225 0.025390315965559154 0.650021963306524 0.002138616708651021 6.531625265728493E-7 2.8922290146796817E-6 5.625430096337951E-6 3.7431666739355184E-6 5.90691312530017E-6 3.977772257068627E-6 1.4515025330563195E-4 2.2701759159347117E-6 0.31640638146753697 3.2553821742955875E-6 0.002849486712430456 1.4987901053362241E-5 3.794741790955532E-6 0.0017829573105194699 2.462079920757946E-6 4.717307348930218E-6 
English/CKTAUS_pharma8.en,1.8631796366375395E-6 0.03501246967959817 0.6098786444099826 5.1561368588788316E-6 1.4533935965265688E-4 2.941813352520042E-6 5.721872399135693E-6 3.807339476300463E-6 0.0023208081702247403 4.045967134599219E-6 2.9637081062136527E-6 2.3090957832762764E-6 0.34179599839628916 3.3111924053355513E-6 0.009119363247364475 0.0015343323462578898 1.4853479811242372E-4 5.086816770197776E-6 2.504289787943844E-6 4.798180806771549E-6 
English/CKTAUS_pharma9.en,1.8052004787163378E-6 0.6306391676719368 0.05431816438092833 4.995686160875404E-6 6.436865100324417E-7 2.8502688457068E-6 5.5438169197224685E-6 3.6888611865986558E-6 0.0023186748201620842 6.346983187556937E-4 2.131309008099207E-4 7.232371327773502E-5 0.30761080099324317 3.208153415642159E-6 0.0014064171875652746 0.001907105224946299 3.739688056984681E-6 4.9285232020221546E-6 2.426360311772838E-6 8.456865432865763E-4 
English/CKTAUS_software1.en,1.831254754603013E-6 0.07351645728587418 0.20533225728193094 0.005195223527181839 6.529767723133614E-7 0.013298221860643148 0.01522060092753739 0.07423007896919709 0.03967860252425547 3.976641010081909E-6 0.01216067499913426 0.0809829186601523 0.2282970445058139 3.254456369338115E-6 0.004270636817314118 0.1369497775140329 0.031144728095324332 0.07003655311780717 0.0032729704753993146 0.006403538109495231 
English/CKTAUS_undef1.en,1.9751982652454508E-6 1.1871727947741454E-6 1.2560261190665024E-6 0.8342789426554786 7.043032023136094E-7 3.1186819114553743E-6 6.065884477529469E-6 4.036245448861234E-6 0.04233737032957077 0.010663726046519197 3.141893027905553E-6 2.447923912287885E-6 1.3914236175661184E-6 3.510268879234765E-6 0.04785756500532292 0.04763853744708923 0.003685048460724735 5.392647849162135E-6 0.011735704022242732 0.0017688783635462814 
English/CKTAUS_undef2.en,1.3362719558513863E-6 8.031526456455597E-7 8.497336739594865E-7 0.1376424950501019 4.764790624960626E-7 2.1098677792636395E-6 4.103725411964963E-6 2.7306228924698985E-6 0.012663135483288875 0.7606219759634787 2.1255706909774267E-6 1.6560829014508187E-6 9.413335317160363E-7 2.374786340872166E-6 0.07875797207584483 0.0057177815799762605 2.7682467033991064E-6 3.6482636783412666E-6 0.0045672744560013466 3.4412540396610828E-6 
English/CKTAUS_undef3.en,1.0974291902880933E-6 6.595986346409351E-7 6.978538565375659E-7 0.00520114266662696 3.9131408053170154E-7 1.7327539341622944E-6 3.370233159722349E-6 2.2425564322766095E-6 3.538871543252369E-6 0.8846603154835891 1.7456501366245E-6 1.3600777219268786E-6 7.730813259820079E-7 1.9503214444922533E-6 0.10200502145202796 0.0033323583791346474 2.273455433174436E-6 2.9961798097668004E-6 0.0028135649941217087 0.00196276764779623 
English/CKTAUS_undef4.en,1.0813041361782641E-6 6.499068351440015E-7 4.2668972036518996E-5 0.003571409012661025 3.8556431482622103E-7 1.7072937484895848E-6 3.3207127054240663E-6 2.2096054736773462E-6 3.4868732041998983E-6 0.8924843371815548 1.7200004608558874E-6 1.340093446810334E-6 7.617220708035615E-7 1.9216644349081164E-6 0.09907884603531866 0.0010164003447575471 2.2400504607163966E-6 2.9521555009705454E-6 0.00377977686247239 2.7846444059771355E-6 
English/CKTAUS_undef5.en,1.8976344394213012E-6 1.1405538474526276E-6 1.2067033787401024E-6 5.2514865906520725E-6 6.766460036045699E-7 2.9962147622899756E-6 5.827683981223321E-6 3.877746606245004E-6 6.119287309462563E-6 0.20806288293068187 3.018514404168106E-6 2.351796679237752E-6 7.501198302831899E-5 3.3724245479918636E-6 0.021149709892458214 0.007309371475386576 0.0032456399346404395 0.005457145614993786 2.5506003041497372E-6 0.7546599508759562 
English/CKTAUS_undef6.en,1.254537238215203E-5 7.540268262918426E-6 7.977586687197901E-6 3.471788531604614E-5 4.473346346255728E-6 1.9808151216570367E-5 3.852716000045007E-5 2.5636009849086302E-5 4.045496667629845E-5 0.0034367401463912843 1.995557545463125E-5 0.004399187356344741 8.837557085196643E-6 2.2295296136262646E-5 0.001006719834971682 0.0035121457574282975 0.006844983998365776 3.425113143522492E-5 1.6862167943867416E-5 0.9805063404317061 
English/CSTAUS_business10.en,2.7719021565877124E-6 3.245213199946841E-4 1.7626491322066288E-6 7.670922651656285E-6 9.883866342613083E-7 4.3766143724311124E-6 0.9667448885636162 5.66428072618092E-6 0.0019460703104068645 0.0023736248007182274 4.409187782846226E-6 0.0036624619965446026 1.9526597375678224E-6 4.926149464466267E-6 0.004204316907819269 0.01336736576231795 5.742325859282043E-6 7.567793302488086E-6 3.7256988684406412E-6 0.0073251917678938 
English/CSTAUS_business11.en,2.8192327767493636E-6 1.6944711392182735E-6 1.7927466146724015E-6 4.456260329399959E-4 1.0052634754037329E-6 4.4513456799425455E-6 0.9643163003020122 5.760999118243453E-6 9.091158441688234E-6 8.817703301627196E-4 4.484475285933344E-6 3.49396182142401E-6 1.986001677911613E-6 1.1446629621177441E-4 7.3209618545124725E-6 0.023227746237960905 1.1529640893361247E-4 0.010843844187451152 3.789315701942418E-6 7.260270739987493E-6 
English/CSTAUS_business12.en,2.9402397185484586E-6 1.7672011288149646E-6 1.869694778389595E-6 8.136777629293343E-6 1.048411334588739E-6 4.642406074835346E-6 0.9687206997255401 0.006398637724388944 9.481368604365241E-6 6.913094291878033E-4 4.676957667806794E-6 3.643929443204006E-6 2.071244723975035E-6 5.225314421905935E-6 0.0010350220679600994 0.014749936101750124 6.091057192687281E-6 0.008341276492319622 3.951960485439878E-6 7.571895649475214E-6 
English/CSTAUS_business13.en,2.980386065719256E-6 1.791330681786603E-6 1.895223790600107E-6 8.247878060151563E-6 1.062726454934429E-6 4.705793983247171E-6 0.9576480340157767 0.008337409720861706 9.610828224015935E-6 6.472024400223429E-6 0.0010461557437084395 3.6936840450379606E-6 4.649506041033727E-4 5.296661423150437E-6 7.739443468023698E-6 0.023166939946050832 6.174225138195999E-6 0.002553817923117143 4.0059209760260225E-6 0.006719015919670626 
English/CSTAUS_business14.en,2.457685368284314E-6 1.4771667526647213E-6 1.5628390675146092E-6 0.0026785345168199737 8.763452791645932E-7 3.880490904119116E-6 0.9668886919657286 0.002867593425825175 5.804395263938559E-4 5.33695948137831E-6 3.909371863709296E-6 3.0458850069694724E-6 1.7313104846983685E-6 4.367731895596311E-6 6.382098342496138E-6 0.022252745797336933 5.091388312800842E-6 0.004395985819360652 3.303361763270897E-6 2.9258631401211E-4 
English/CSTAUS_business15.en,2.6228643619907563E-6 1.5764459040526407E-6 1.6678761840749723E-6 7.258477576057344E-6 9.352437180045699E-7 2.0780544697102994E-4 0.9474536876341114 0.009373910696168863 0.008053191914727842 5.695652098408265E-6 4.172117501863366E-6 3.250596410182154E-6 1.8476704253752043E-6 4.661283531051494E-6 6.811033874909299E-6 0.029960090993011616 4.127618792835753E-4 7.16089321725676E-6 0.004484136710835314 6.754570087069612E-6 
English/CSTAUS_business16.en,1.1140945977199747E-4 1.6814043102888053E-6 1.7789219393588907E-6 0.0028316528922824385 9.975114366949454E-7 1.130289867186606E-4 0.9575316954778866 0.0034812995292058447 9.021052430804489E-6 1.1468683106100457E-4 4.449893480410972E-6 3.467018310643589E-6 1.9706867259019377E-6 4.97162776118101E-6 7.264506625539846E-6 0.019355819751119805 0.006413901413760631 0.009999938657060095 3.760094584573685E-6 7.2042835274907335E-6 
English/CSTAUS_business17.en,2.602984314797297E-6 1.5644972042171998E-6 1.655234486802037E-6 4.114444126694672E-4 9.281550215699568E-7 4.109906454049873E-6 0.9737233842001416 0.0027339455215533493 0.002029598577943111 5.6524818017834166E-6 4.1404948628753745E-6 3.225958456737904E-6 1.8336659744448714E-6 4.625953249424172E-6 6.759409522223872E-6 0.013260189201902032 0.0037446211878028623 0.0039484558879221004 3.4986573004248647E-6 1.0776361141607211E-4 
English/CSTAUS_business18.en,2.551920570304088E-6 1.5338058608071234E-6 1.997781634336672E-4 7.062148734741538E-6 9.099470475141363E-7 0.0021837386843412705 0.9676997344685935 5.214756396348534E-6 0.003376870964221139 5.541594892155128E-6 4.059269182585489E-6 3.1626735888867513E-6 1.7976942437384437E-6 2.0269060446369085E-4 6.6268075857444044E-6 0.02062904188230176 5.286607771080337E-6 7.00511104972948E-4 2.0158542311291664E-4 0.004762301478685171 
English/CSTAUS_business19.en,2.634130398574315E-6 1.5832172405671898E-6 1.6750402427197634E-6 0.004200338207863632 9.392608872086935E-7 4.159083658079054E-6 0.9568413153396231 0.0037893533944010982 0.0037924649054399623 5.7201167355575475E-6 4.190038073391213E-6 3.2645587555501395E-6 1.8556067574662913E-6 1.069507821242434E-4 6.8402894315132036E-6 0.0190436756070419 5.456915233644022E-6 0.01146137306410693 3.5405205851041633E-6 7.226699213997432E-4 
English/CSTAUS_business1.en,3.2886196487601395E-6 1.976591336709476E-6 2.091229142510789E-6 0.0023073384323033692 1.1726343580629866E-6 5.192470443452155E-6 0.9573537201254797 6.7201740320961E-6 0.013672350240678411 0.005880415112194804 5.2311159480431746E-6 1.3175555145297966E-4 2.3166601191340278E-6 5.844445801620911E-6 0.014181004772243058 0.003984983832372272 2.6217249587306664E-4 0.0021795362142881434 4.420216086992175E-6 8.469066196928598E-6 
English/CSTAUS_business20.en,2.4130172957194806E-6 1.450319462710577E-6 1.534434695752559E-6 6.677749785858011E-6 8.604178317269663E-7 3.809963548775266E-6 0.9696452358757481 0.006937607152477759 7.781238476949692E-6 5.239961022394848E-6 4.722623898609557E-4 2.990526491892163E-6 1.6998441695382836E-6 0.002252723886253503 6.266104637379388E-6 0.02034934836818473 4.998853073934731E-6 2.87642414998267E-4 3.243323645758448E-6 6.214158338282325E-6 
English/CSTAUS_business21.en,1.9848512507175662E-4 1.516823834676357E-6 1.604796170163725E-6 6.983957877986283E-6 8.998722753846523E-7 3.984669356384204E-6 0.9614926483993723 0.011272940907028899 0.005691020355495372 0.0014751911811839789 4.0143256750061096E-6 3.127657028511048E-6 1.7777904922908976E-6 4.484991170269286E-6 6.553436748886698E-6 0.019224872040232096 5.228075388589403E-6 5.947744409530122E-4 3.392046191162207E-6 6.499108453211487E-6 
English/CSTAUS_business2.en,3.2898798029781518E-6 1.977348739564251E-6 2.0920304730099725E-6 9.104366632103039E-6 1.1730836955633132E-6 5.194460127340861E-6 0.957465107441637 0.004732687950958768 0.012017115038796683 0.00511629567166757 5.233120440362414E-6 4.077249145043376E-6 2.3175478317103144E-6 5.846685313578955E-6 0.0020522037622355206 0.014715729119938842 6.815378321227321E-6 0.003840845642962019 4.4219098535390755E-6 8.472311427642558E-6 
English/CSTAUS_business3.en,3.499517719602372E-6 2.103349473641687E-6 2.2253389633320743E-6 9.6845156245402E-6 1.2478350046357946E-6 5.525461824757753E-6 0.9551623002785379 0.006121208020263943 0.01251113449707729 7.59933900201447E-6 5.566585652546789E-6 4.337059857748144E-6 2.465226752586669E-6 6.219248143134785E-6 1.4495545127851843E-4 0.02543593670079706 7.24966826427466E-6 1.4542224589651545E-4 4.703683056425357E-6 4.1661597680963736E-4 
English/CSTAUS_business4.en,3.401989043906553E-6 3.982889412283889E-4 2.1633205998151883E-6 9.414616152871232E-6 1.2130588711110747E-6 5.371471755966886E-6 0.9758278563375287 6.951840246699119E-6 0.010313319837797465 0.00159236439317166 5.41144949655615E-6 4.216189572688484E-6 2.3965229140197365E-6 6.045922821240848E-6 8.834258818679808E-6 0.010990592141312433 7.04762598253732E-6 8.017764649986315E-4 4.572595284868609E-6 8.761022401886115E-6 
English/CSTAUS_business5.en,2.9031225451782646E-6 1.7448922298961343E-6 1.8460920140295877E-6 2.3346012421207485E-4 1.0351763371075072E-6 4.583800992383234E-6 0.9715952519256348 9.07636681277699E-4 0.009702682434345465 6.304243656668053E-6 4.617916410896373E-6 3.5979289895542847E-6 2.045097621401428E-6 5.15935078632611E-6 0.003614355832093405 0.013774743755004802 6.014164541927378E-6 7.92604865272308E-6 3.902071491163369E-6 1.2018934116250773E-4 
English/CSTAUS_business6.en,3.013160210357799E-6 1.811029247531362E-6 1.916064828393828E-6 0.0016461316266658194 1.0744128438039265E-6 4.757541766670292E-6 0.9749640590561106 6.157282739530513E-6 0.0019984652182124594 6.543194731556297E-6 0.0037483199214767807 3.7343020497097608E-6 2.1226133872091762E-6 5.354906745654261E-6 7.097358582146022E-4 0.016870525560989495 6.242120687043738E-6 8.226471343902135E-6 4.04997252860472E-6 7.759685220238961E-6 
English/CSTAUS_business7.en,2.969390979184413E-6 1.7847221970385006E-6 1.888232028754142E-6 8.217450413866648E-6 1.0588058993160577E-6 4.6884336108256E-6 0.9546915577276184 8.13069058020361E-4 0.0022000072447364433 6.448148141655934E-6 4.723327768549759E-6 3.680057496392237E-6 2.0917802586828142E-6 5.277121253048598E-6 7.710891512409213E-6 0.03103619993926612 6.1514475053044405E-6 0.008423976798532821 3.9911425390007785E-6 0.0027745082802217986 
English/CSTAUS_business8.en,2.826658251858441E-6 1.6989341453847321E-6 1.7974684650545049E-6 0.003848873805419601 1.007911202464881E-6 4.463069918118587E-6 0.9506140180808608 0.0047247821189678255 0.004289143752159852 6.138198466145961E-6 4.49628678297878E-6 3.5031644409278047E-6 1.9912325358058384E-6 5.0234605144804625E-6 0.00187299375786999 0.029434607120003176 5.855759640153113E-6 0.00472672323349041 3.799296243335546E-6 4.462566906216063E-4 
English/CSTAUS_business9.en,2.9368871415416293E-6 1.7651860965597603E-6 1.8675628788426721E-6 8.127499755309952E-6 1.0472158947367202E-6 1.1866104698503333E-4 0.9781063282322234 0.002742575846253763 0.0016058056386744025 6.3775647924903185E-6 2.3271949354517277E-4 3.639774491487407E-6 2.0688830092504468E-6 5.219356312819175E-6 7.626485798389933E-6 0.008917896991713758 6.084111929631802E-6 0.008103717571958371 3.947454304609859E-6 1.2158719624040339E-4 
English/CSTAUS_electronics1.en,0.9918797165446653 1.3957907107495033E-6 1.4767434000922356E-6 6.426681403275165E-6 8.280680551877766E-7 3.666717482874985E-6 7.131822126892649E-6 4.7455214006123416E-6 2.7797610824779824E-4 5.042950265646227E-6 3.694007411409313E-6 2.878089417508124E-6 1.6359338494492207E-6 0.0019877015802741106 9.619298880311768E-5 0.004887775082718161 4.8109074341175585E-6 6.340279871082943E-6 9.328385758257317E-5 7.272803248799688E-4 
English/CSTAUS_electronics2.en,0.9404902608324458 1.3894018433485958E-6 1.4699839929005312E-6 0.009968622893132184 8.242777899547595E-7 3.649934041335889E-6 7.099178073923484E-6 4.723800015921079E-6 0.008982432447326143 5.019867478013055E-6 3.677099057350422E-6 2.864915714950281E-6 1.6284457895557895E-6 0.011492080121487737 6.00291008818068E-6 0.019225367438408403 4.7888867619366174E-6 0.004493800280600724 0.0051188445793992786 1.8545270655233407E-4 
English/CSTAUS_electronics3.en,0.06393993028697607 2.057776972081704E-6 2.1771233602433703E-6 0.3878820864010428 1.2207986212824815E-6 5.4057436700792425E-6 0.006390872501105076 6.996195477943337E-6 1.439644931412566E-4 7.434686911211636E-6 0.006784576613059251 0.06487121859329853 2.411813588756384E-6 0.27914675776876263 0.00638924887074422 0.1843937817446581 7.0925923610910605E-6 9.347305305006506E-6 4.601770080900906E-6 8.816920863413038E-6 
English/CSTAUS_hardware10.en,1.9227075265979386E-6 1.155623771065286E-6 1.2226473236764729E-6 5.320873495926892E-6 6.855864000706429E-7 0.759553106704508 0.001573526452027911 0.002616631929132626 6.200140302526829E-6 3.0276985673306046E-4 3.05839746764303E-6 2.2632883737723966E-4 1.35444664429576E-6 0.005452768843788827 4.992872023798455E-6 0.0748883335044732 0.1526604838543521 5.249338656434961E-6 5.25124890224432E-4 0.0021697624937706225 
English/CSTAUS_hardware11.en,2.0592083419082207E-6 1.2376661954903197E-6 1.3094480222799025E-6 3.254916912038609E-4 7.34258962735892E-7 0.6977117758887048 0.029027544738207966 4.2079169694143635E-6 6.462264480224277E-4 0.0017633335212005508 3.2755255238351543E-6 0.0016015173766356992 1.4506043118988934E-6 3.6595693129382153E-6 5.347336284514331E-6 0.1800603456784021 0.0885869455351642 5.622010524896934E-6 2.7677709226127294E-6 2.4514780708586464E-4 
English/CSTAUS_hardware12.en,2.6019325071265597E-6 1.5638650259321107E-6 1.6545656436130134E-6 7.200551058255355E-6 9.277799749107162E-7 0.03051196750914295 0.2592237749388424 5.316953960988127E-6 8.390431918906993E-6 0.006672930699035515 4.138821781622958E-6 3.2246549191672054E-6 1.8329250310874614E-6 4.62408400530904E-6 6.756678196205228E-6 0.5190589745394857 0.16557618932845897 7.1037454746232585E-6 3.4972435713582127E-6 0.018897328751965436 
English/CSTAUS_hardware13.en,2.0298353330648914E-6 1.2200118477658254E-6 1.290769762506214E-6 5.617337465730653E-6 7.237853284917003E-7 0.6454396344051329 0.051783002193081386 4.147894299614926E-6 6.545594523311155E-6 8.321573331348847E-5 3.228802694376818E-6 2.51563730955329E-6 1.4299125672053509E-6 7.128781699964574E-4 5.271060682489649E-6 0.12067145259753341 0.1695199266282426 0.001818122754329137 2.728290818471894E-6 0.009935018585738104 
English/CSTAUS_hardware14.en,1.8074807177848011E-6 1.0863678715140583E-6 1.1493747393326435E-6 5.001996462081346E-6 6.444995826774604E-7 0.6571917530133108 0.02014577655951442 0.006529968760537476 0.007795253855462584 3.925014763351975E-6 0.0013362001583671816 2.2400664013922973E-6 1.273275398866658E-6 0.005055812391419834 4.959186699853794E-4 0.11594389337445407 0.1711605756998929 0.010461010132807076 2.429425168913252E-6 0.0038642798831423826 
English/CSTAUS_hardware15.en,1.9873907638335336E-6 1.1945009718380794E-6 1.2637793137471437E-6 0.00278325867778128 7.086507232439824E-7 0.8206765436399108 0.019527574900336766 0.00972621696322123 6.408723844503144E-6 0.0029363944306262 3.1612872968155074E-6 0.010187578637433291 1.4000125935646832E-6 0.002549810837803318 5.160840953619914E-6 0.06745407205647634 0.05563645309991738 0.0033233045032097707 2.671241299901805E-6 0.00517483582552257 
English/CSTAUS_hardware16.en,2.1030925169514016E-6 1.264042331825118E-6 1.3373539145833628E-6 5.820068355757219E-6 7.499068931526203E-7 0.5433161233717926 0.031605805610149494 4.297592676866981E-6 0.00417103685202988 8.621900662255652E-5 0.006290553898961656 2.606427188897567E-6 1.481518412354981E-6 3.7375590806772154E-6 5.461294370614022E-6 0.1941858049386737 0.2057675463083678 0.0037617365512396016 2.8267554076575054E-6 0.010783487851013416 
English/CSTAUS_hardware17.en,2.1704363438538022E-6 1.304518652912092E-6 1.3801777703124977E-6 0.0025340064492053956 7.739199118849551E-7 0.5194231632599469 0.013489332209617516 0.0011841685474251655 6.99898953087677E-6 4.713187039130633E-6 3.452452817651535E-6 0.00851362327061228 1.528958607548571E-6 0.017194257339304683 8.990283944908084E-5 0.15481562643473637 0.2628322311585266 0.009865125739599275 8.718393903532797E-5 0.009949056171867324 
English/CSTAUS_hardware18.en,8.31436780426862E-4 1.1673882056838147E-6 1.2350940687686505E-6 0.002870901493416163 6.925657791565788E-7 0.7044701224971791 0.0015141366118478546 3.96898021331595E-6 0.004832413073589509 4.21773881759412E-6 3.0895324424907632E-6 0.005884277215399927 1.3682351275288579E-6 3.451769200268109E-6 1.5586088197331978E-4 0.05906081871552936 0.21816107701690696 5.3027777626219304E-6 2.6106095026799023E-6 0.002191851022610912 
English/CSTAUS_hardware19.en,1.8111665777434153E-6 1.0885832200920758E-6 1.1517185730938915E-6 0.016318812603366144 6.458138623717112E-7 0.5299904185912365 0.004998147608256815 7.401915789318703E-5 0.0014825206642829713 0.0032385658580127664 2.880972377869348E-6 5.647894760115196E-4 1.2758718939566432E-6 0.012590159587242612 0.0034502903782160734 0.10429656928729095 0.31172391240501957 9.190801793466682E-4 2.4343793135768377E-6 0.010341425698005507 
English/CSTAUS_hardware1.en,2.2613309960266316E-6 1.3591499576012101E-6 1.4379775665260447E-6 6.257975274880253E-6 8.063305289480225E-7 0.33968486324409985 6.215140159876221E-4 4.620947224225675E-6 7.292096822768473E-6 4.910568315831243E-6 3.5970364166555696E-6 2.8025369990305693E-6 1.5929891243676082E-6 4.018776221441662E-6 5.872206828350681E-6 0.011168547615959826 0.6484632083909541 6.173841860098691E-6 3.039442901345992E-6 5.823525960424272E-6 
English/CSTAUS_hardware20.en,1.7199738214526104E-6 1.0337727429598173E-6 1.0937292128426645E-6 0.009954617530237533 6.13296949303525E-7 0.2770628472036148 5.282083671742158E-6 3.5147036280612964E-6 0.007217523779117925 0.010087147826148559 2.735914592923407E-6 2.1316164154892128E-6 1.2116313784161897E-6 0.014627344181556715 0.01669885852732026 0.20822653154755325 0.4524215893826824 4.695839041615905E-6 0.0024730818402841225 0.0012064256200297004 
English/CSTAUS_hardware21.en,1.6617169764055798E-6 9.987580597423766E-7 1.056683757568134E-6 0.003423933918642647 5.925241067766444E-7 0.13025994417639275 5.103175408051115E-6 3.3956578948691035E-6 5.358526065082449E-6 0.00464874323937792 2.607062890615135E-4 0.0069052457907962045 1.1705924855062392E-6 2.9531584200980156E-6 0.0033591346799673166 0.14433535269803363 0.6932252890554457 0.0032303248125146247 2.233504903464642E-6 0.010326801041690096 
English/CSTAUS_hardware2.en,2.71550024594746E-6 1.6321237583664642E-6 1.7267832274132138E-6 0.0032758027258225774 9.682752120413218E-7 0.6160238403191669 8.339370826944932E-6 1.1097766706483937E-4 8.756652940455815E-6 5.896814527732455E-6 0.00622460932412072 3.365402908073322E-6 1.9129275486926217E-6 0.007595688107362349 7.051590021389701E-6 0.03776567237204762 0.3236715551368601 0.005067988601801739 3.6498893619070616E-6 2.178504151742994E-4 
English/CSTAUS_hardware3.en,2.865017418757679E-6 1.7219895318612472E-6 1.8218610115541783E-6 0.004679740216959098 1.0215890618274488E-6 0.5201328827105187 8.798541895303933E-6 0.002008059533412038 3.429396290029779E-4 6.221496890802969E-6 4.557303644504832E-6 0.01857956352822492 2.018254557702525E-6 3.387924605625957E-4 4.5237429395886757E-4 0.08600702237846963 0.3640735398554396 7.822014778428194E-6 3.85085459447401E-6 0.0033443864700664194 
English/CSTAUS_hardware4.en,2.398858886848151E-6 1.441809695298827E-6 1.5254313811690467E-6 7.517195059670049E-4 8.553693194417939E-7 0.6220532356885041 0.0075513114539531205 4.901980441592774E-6 0.004291950975237996 5.209215486191481E-6 3.815798213340822E-6 0.005497944897001036 1.689870312818499E-6 0.007268802332182602 6.2293381908048326E-6 0.056645779157409044 0.29375312931325903 0.0014035760765064927 3.2242934040937246E-6 7.512586346479902E-4 
English/CSTAUS_hardware5.en,2.4999067185636344E-6 1.5025434651154134E-6 1.5896875716198377E-6 0.006024531251411908 8.914002904669825E-7 0.40861928457042324 0.0379574627715 5.1084679917568755E-6 0.003987450701877249 0.002431885517800378 3.976532193082546E-6 3.0982112239252107E-6 1.7610532122907695E-6 0.019707272575399604 6.491738418118881E-6 0.19656346137701203 0.3057387448544795 0.011168526812511589 5.857097607774979E-4 0.0071887502657221785 
English/CSTAUS_hardware6.en,0.0018616039075076247 1.514746011807863E-6 1.602597838290631E-6 9.854394953140754E-4 8.986395843167956E-7 0.7799385139431727 0.0012797442624953737 5.149955190392763E-6 0.0021607501288307715 2.0116575310915883E-4 1.9970184753013772E-4 0.01086408603165255 1.775355183947354E-6 0.01223529265263489 6.544459516044777E-6 0.058532834024867995 0.13111954490582184 6.880625852074563E-6 5.904664622440754E-4 6.490205642047668E-6 
English/CSTAUS_hardware7.en,4.642264601763884E-4 1.429956747448543E-6 1.5128909892788146E-6 8.379091727669674E-4 8.483374289162035E-7 0.8832405751139235 7.306394213267687E-6 4.86168183718835E-6 7.671988654709852E-6 0.001667816750432886 2.808928222009342E-4 2.948539025679609E-6 1.6759780878203662E-6 0.0018516174280109891 6.1781275345315796E-6 0.06246122445190383 0.0437880547964659 0.002223362622384554 3.1977868674146133E-6 0.0031466887003477376 
English/CSTAUS_hardware8.en,1.9823431652578002E-6 1.1914671641371059E-6 1.2605695520937252E-6 0.010472589213756479 7.068508837527094E-7 0.7255427098189892 0.011704615050377015 4.050845790844539E-6 6.392446891858268E-6 4.304735377317107E-6 3.1532582219363876E-6 2.4567788064516175E-6 1.3964568250153443E-6 0.006930282506967646 0.0036224554933573846 0.13039322721840615 0.11129404327546252 5.412154716073688E-6 2.66445684964361E-6 5.105058439314148E-6 
English/CSTAUS_hardware9.en,2.330909853779548E-6 1.400969621211262E-6 1.4822226755919015E-6 6.450526817417476E-6 8.311405002764515E-7 0.9345663277669997 7.158283879317218E-6 0.003262655576835373 7.516467234903366E-6 3.6704971126588266E-4 1.847017384489237E-4 2.8887682157544643E-6 1.6420037816119792E-6 4.142429883618413E-6 9.654990110538741E-5 0.04110471554855746 0.020366656556209884 6.363804702923382E-6 3.132963472041948E-6 6.002709938856772E-6 
English/CSTAUS_industrial1.en,5.025622496716993E-6 3.02059920256457E-6 3.195787092117733E-6 1.3907836305520008E-5 1.7920034056010306E-6 7.935060621555789E-6 1.5433815444835994E-5 1.0269675853298656E-5 1.6206086550414998E-5 1.0913334953206703E-5 7.99411814051905E-6 6.228408408568901E-6 3.5402875538849566E-6 0.009374623257024544 1.305049760242475E-5 0.007845863714078366 2.0552975664377292E-4 0.9824357729179244 6.754912327886073E-6 1.294230836987076E-5 
English/CSTAUS_industrial2.en,0.012449766389695392 2.071822124922301E-6 2.1919831000316524E-6 9.539353298878464E-6 1.2291310613166204E-6 5.442640037904054E-6 1.0586018920825428E-5 7.043947317002457E-6 0.024769922980610922 7.485431630103266E-6 5.483147455878349E-6 4.272051165533372E-6 2.428275183446524E-6 0.014058422041074731 8.951306631807618E-6 0.05061647010777396 7.1410021475252055E-6 0.883028926343654 4.633179006649627E-6 0.0149979928481092 
English/CSTAUS_industrial3.en,0.06366801817758475 2.137915904641248E-6 2.2619101687787243E-6 0.002495657772143937 1.2683419166478534E-6 0.002215228801676049 1.0923726484731224E-5 7.268658259472621E-6 0.024593409769302788 7.724226487687789E-6 5.65806688344693E-6 0.010361967090300217 2.505740272336681E-6 0.011192484910873546 1.4733764818275136E-4 0.010524763754467974 0.002907485260727855 0.8654873209177286 0.0027667966514132803 0.0035997806592205184 
English/CSTAUS_leisure10.en,0.003087550047068093 2.512271327532341E-6 2.657977355489192E-6 0.007476568795938971 1.4904323522662189E-6 6.599692294442835E-6 1.2836503427388566E-5 8.541421903107292E-6 0.24149004807095523 9.076761480774978E-6 0.7299539663717234 5.180247630246304E-6 2.9445028341705846E-6 7.428360804804591E-6 0.004230202923648326 0.008310615122651833 8.65910964521013E-6 1.1411813537646295E-5 0.005360945288572523 1.0764284848550043E-5 
English/CSTAUS_leisure11.en,4.1408992972106706E-6 2.4888453367171205E-6 2.633192710441352E-6 0.014159168046042253 1.4765346278396177E-6 0.0016142323094667035 1.2716807832372991E-5 8.461776337416085E-6 0.24068516840464518 0.0019382251122760947 0.7125366371229415 5.131943757938882E-6 0.007237540752205217 0.0038658250705225204 0.003065371953232637 0.0066254275870565975 8.578366685326126E-6 0.0051559267045162786 0.003060184658592839 1.0663911916999598E-5 
English/CSTAUS_leisure12.en,4.185988889393645E-6 2.5159459767434703E-6 2.6618651260040677E-6 0.009437744722733985 1.4926123779694443E-6 6.609345532856096E-6 1.2855279125170956E-5 1.7107392348703654E-4 0.2819857127817532 0.0017968101282583213 0.6874662932912631 5.187824675233175E-6 0.0019531889082954946 7.439226120135866E-6 1.733901517657881E-4 0.007347650844496126 8.6717751523463E-6 0.0035868686861287003 0.005043746619991021 9.859000788513587E-4 
English/CSTAUS_leisure13.en,4.164331698295329E-6 2.502929142668866E-6 2.6480933451333916E-6 0.014239291536343845 1.4848899992533175E-6 6.5751505402218455E-6 1.7446794233597776E-4 8.169055245900837E-4 0.256274917892936 9.043008445111287E-6 0.7115566644577226 1.6684015725226324E-4 2.9335533441587445E-6 7.400737546476343E-6 0.0022743223263166925 0.013776802976892493 6.553436016965487E-4 1.136937732841689E-5 5.5972559706976976E-6 1.072425655308841E-5 
English/CSTAUS_leisure14.en,3.2473998203538335E-4 2.4816637752857583E-6 2.6255946347667932E-6 0.017164116574167058 1.4722740882315798E-6 6.519286796637013E-6 1.2680113492507148E-5 8.437359887872555E-6 0.2550593899952031 0.0035356875216074487 0.7083966414648867 5.117135537911619E-6 2.9086293107380615E-6 7.337859456901675E-6 1.0722027312294113E-5 0.012697919515215471 8.553613814417448E-6 1.1272780911968536E-5 0.0027307434666584765 1.0633141206822971E-5 
English/CSTAUS_leisure15.en,4.291299618839831E-6 2.5792419178123517E-6 2.728832087817351E-6 0.013673786774710461 1.5301633850212424E-6 6.775622849308264E-6 1.3178691073381404E-5 8.769113896568673E-6 0.23909728225051416 0.002841666145970226 0.7305858521885515 5.3183394986652236E-6 3.0229955872122164E-6 1.7423505336440135E-4 0.0013440129885737679 0.00819893706659499 1.754986107535592E-4 1.1716022673182731E-5 0.0038377673658181355 1.1051232560904688E-5 
