English/CKTAUS_electronics1.en,0.010975881766811696 1.080861213939023E-5 0.03639088088129751 0.14522795115829412 0.009489565752835952 0.0046669279913288024 0.2802917041185864 0.4313363110644067 0.08159461209761647 1.5356556683104937E-5 
English/CKTAUS_hardware1.en,6.091323895734215E-6 6.450776649544104E-6 2.8504180781790945E-6 0.9467825982294167 1.1464695401655795E-5 0.01597349674323766 1.4288415130170784E-6 0.03670073060982941 5.057232891648264E-4 9.165072813350333E-6 
English/CKTAUS_industrial1.en,5.959543329542383E-6 6.311219631430309E-6 2.7887517286866745E-6 9.24027692953375E-6 1.1216666553230063E-5 8.655399300170217E-6 0.957627477682857 0.03823507994551861 0.004084303719825036 8.966794326570392E-6 
English/CKTAUS_industrial2.en,1.9883036200042754E-4 3.920853105926017E-4 2.7726127783940185E-6 9.186801975660265E-6 4.934150226605161E-4 8.605309126264947E-6 0.927200750324238 0.04592292505727537 0.025762514297292618 8.914902060065499E-6 
English/CKTAUS_industrial3.en,5.713441105624011E-6 6.050594764549518E-6 2.6735888773682166E-6 0.001869015614822405 1.037613148632362E-4 8.297970400188213E-6 0.9282196430806768 0.0564668150218203 0.012937401482531516 3.806278901378606E-4 
English/CKTAUS_industrial4.en,6.410421719806738E-6 6.788704631651391E-6 2.9997390176026083E-6 9.939364251700253E-6 0.0016817267122512186 9.31023680830788E-6 0.9233242753603328 0.047284690085815186 0.02766421418426861 9.645190902991635E-6 
English/CKTAUS_industrial5.en,6.365913118933489E-6 1.1037086334105609E-4 2.9789113415940457E-6 0.0056058522182928 3.228693908271586E-4 2.1650418189967275E-4 0.8917315663154912 0.04384750597638765 0.0553484170741943 0.0028075691551054716 
English/CKTAUS_legal2.en,0.14770599865285708 3.3275845484266137E-4 0.001744024473425344 0.0032072319533796552 0.8351685400503109 0.0030656503885895113 6.786785250375794E-7 0.008059560968172405 7.112031062543424E-4 4.3532736431295695E-6 
English/CKTAUS_legal3.en,0.6291751473519769 4.597899279431618E-6 2.0316833057093603E-6 6.731799100203914E-6 0.3617354445545838 6.305699457400513E-6 1.018430759587298E-6 8.398899466355142E-6 0.009053791122663642 6.532559407001012E-6 
English/CKTAUS_legal4.en,0.9753630477834268 6.946736901156149E-6 3.0695690648053537E-6 0.009193514070179638 0.0017208751365006304 1.163100290689356E-4 1.5386962847459625E-6 2.262556026363065E-4 0.013358572657456087 9.869718480918623E-6 
English/CKTAUS_legal5.en,0.7415082467104954 4.8661631856725804E-6 2.150221635218292E-6 7.124565146804513E-6 0.25380889963606257 8.147473981425226E-5 1.077850985477199E-6 8.888932292661005E-6 0.00457035747954529 6.913700836547479E-6 
English/CKTAUS_legal6.en,0.04943973462092262 3.1345936483711527E-6 1.3850894068226583E-6 4.5893686266695134E-6 0.9432553774311202 0.004051754115570751 6.943098133073472E-7 0.002174005497389817 0.0010166874445575252 5.263752894401741E-5 
English/CKTAUS_legal7.en,0.12375711491946441 2.9906369266448175E-6 1.3214789511555654E-6 0.003314300200985551 0.8591598259635289 0.002578484917348764 6.624235225155288E-7 0.0017063948756519702 4.6021088031060166E-6 0.009474302474817018 
English/CKTAUS_legal8.en,0.03134238698828245 2.950488288653769E-6 1.303738389086649E-6 4.319819378291587E-6 0.9614642881421055 0.006308249756224363 6.535306335241297E-7 1.868055278167226E-4 5.034341181057642E-4 1.856078907757367E-4 
English/CKTAUS_legal9.en,0.5772565904279962 3.4633426609575382E-6 0.0019713148091452955 1.1154552650248288E-4 0.41637599904961947 5.903613285191936E-4 7.671274385432168E-7 6.32642540845677E-6 0.003572236512423987 1.1139545028565218E-4 
English/CKTAUS_pharma12.en,2.6097068663563335E-4 4.180144281668204E-6 0.9966103521061802 6.120162666446043E-6 5.214761355580687E-4 3.9126798253398787E-4 9.258983847271471E-7 7.635793966528693E-6 8.417588467151046E-4 0.0013553122430775323 
English/CKTAUS_pharma16.en,4.564960047430659E-6 0.01018557511732984 0.9851560082041965 7.077974381261157E-6 8.591872203868813E-6 6.6299630382703E-6 1.070802428615091E-6 0.004541861368112242 8.175124925345438E-5 6.86848900844637E-6 
English/CKTAUS_pharma18.en,4.019008691282079E-6 4.256172855656742E-6 0.9888286036216583 6.231476345772463E-6 0.00249369740456396 7.126160031790774E-5 9.427386488677435E-7 7.774673987749822E-6 0.0085771662583268 6.047044603699941E-6 
English/CKTAUS_pharma19.en,4.756171354566185E-6 0.014251174848101886 0.9768692000907288 7.374447673305511E-6 3.9607507329244624E-4 6.9076705944451715E-6 1.1156548544703029E-6 9.20069712509891E-6 0.008447039158634422 7.156187640571359E-6 
English/CKTAUS_pharma20.en,3.976344003281143E-6 4.210990498286243E-6 0.9976857495785775 6.165324711252661E-6 0.001172624483006708 5.775080941626179E-6 9.327307953371914E-7 7.69214019260878E-6 1.359400882559226E-4 9.76933239017491E-4 
English/CKTAUS_pharma21.en,4.240980078502945E-6 4.491242910387214E-6 0.9993957555795663 4.2080351178814564E-4 7.982098085208777E-6 6.159427656402136E-6 9.948064650259472E-7 1.462800284125597E-4 6.911299847410483E-6 6.381025190052328E-6 
English/CKTAUS_pharma2.en,0.0025856457778131413 4.198760134937669E-6 0.9942717437648823 6.147418196998771E-6 0.002589143263355578 5.7583078479057685E-6 9.300217803113868E-7 7.669799209051097E-6 5.227974124729133E-4 5.965474306914042E-6 
English/CKTAUS_pharma3.en,4.388215491665875E-6 0.007719604581624444 0.989731081071132 6.803931799347514E-6 8.259215045847178E-6 7.921559660662575E-4 0.0012154207883977705 7.992368638863445E-5 7.151241575428592E-6 4.3521130247866E-4 
English/CKTAUS_pharma5.en,0.002029460469911702 6.330442211994047E-4 0.9961066200809022 6.651411164202768E-6 8.460757091120532E-4 7.606386956038914E-5 1.0062691449127272E-6 8.298603812439836E-6 2.863248144961376E-4 6.4545506964443085E-6 
English/CKTAUS_pharma7.en,0.0028491610387958635 4.626675428771049E-6 0.990274199758674 6.773930352860336E-6 0.0015017386873653923 7.886630114737799E-4 1.0248046520648595E-6 8.45146433797203E-6 0.004558787185209738 6.573443709514008E-6 
English/CKTAUS_pharma8.en,0.003259703648491704 0.004345052504952426 0.9810650684948368 6.890065112425124E-6 0.008472039462073856 6.453947777431038E-6 2.9039880815382027E-4 8.596359358696048E-6 0.002105075917181301 4.407207920615661E-4 
English/CKTAUS_pharma9.en,4.305481536085735E-6 0.0027379908910171035 0.989153720039738 6.675652731848069E-6 7.08983329418284E-4 6.2531069603270735E-6 1.0099365684028077E-6 8.32884869742958E-6 0.007366254638541183 6.478074791326607E-6 
English/CKTAUS_software1.en,0.010242706850910142 0.0520495164324111 0.5172514735366952 0.0712485491281025 0.01024655968551964 0.028659473280621173 1.0245131993518124E-6 0.26549427319441554 0.017284315130157095 0.027522108247968174 
English/CKTAUS_undef1.en,0.1175680342036966 0.0783805377791742 0.0019961029755570232 0.038811636721779244 0.142342544369671 0.02309005157301428 1.105045688491437E-6 8.58016083180118E-5 0.5977170975862399 7.088136861111634E-6 
English/CKTAUS_undef2.en,0.014426178347344448 0.013596266198425465 1.491370625929652E-6 4.941521845206313E-6 0.9083950439465261 5.651000423586624E-5 7.475858639599402E-7 6.165267942625975E-6 0.06350786048856542 4.795268624969167E-6 
English/CKTAUS_undef3.en,0.006777286461727057 4.53798297534711E-5 1.224802320468362E-6 4.058271845659435E-6 0.9912370092318951 0.0018785525857563017 6.139620058271626E-7 4.767126653200936E-5 4.2654281675566185E-6 3.938159996593905E-6 
English/CKTAUS_undef4.en,0.00739139578878886 2.7311195741141496E-6 1.2068054795036097E-6 8.796246882240991E-5 0.9922893718321186 3.745540771984116E-6 6.0494065079491E-7 4.988886737078548E-6 2.1411232308299818E-4 3.880293973670836E-6 
English/CKTAUS_undef5.en,2.9923341722918153E-4 4.793024358559538E-6 2.117903629752304E-6 7.017482355158322E-6 0.2400477541322624 0.758730959163112 1.0616507977990408E-6 7.455240101421376E-4 1.5472942876041613E-4 6.809787352576298E-6 
English/CKTAUS_undef6.en,2.992509441980492E-5 3.169099256959018E-5 1.4003364717670591E-5 4.639888399010524E-5 5.632307496061982E-5 0.9996629567369105 7.01952776110244E-6 5.788936303404607E-5 4.8767336009356924E-5 4.5025625627290225E-5 
English/CSTAUS_business10.en,6.611183307019378E-6 0.0010832212434381068 3.0936848440584285E-6 1.0250645261012082E-5 0.006146896743006455 0.0019467976890834074 1.5507849066850859E-6 0.0063624867602786565 1.0773894084674613E-5 0.9844283173717899 
English/CSTAUS_business11.en,6.724073993134045E-6 7.120865717728779E-6 3.1465117266979546E-6 1.0425682364491738E-5 0.0017640110656788675 9.765772663479258E-6 1.5772656687517E-6 0.010740059681861756 1.0957866036269769E-5 0.9874462112142889 
English/CSTAUS_business12.en,7.012694427170946E-6 7.4265178203481075E-6 3.2815708562062066E-6 1.250312924586445E-4 0.0020680447089989704 1.2434305715851966E-4 1.6449673481757298E-6 0.006178103494738137 0.0013813254618489546 0.9901037862343449 
English/CSTAUS_business13.en,1.2282533617961346E-4 7.527923895469537E-6 3.326379369268543E-6 1.1021657549703848E-5 0.004757771401081153 0.003828981271493065 1.6674287071216898E-6 0.009965403341421873 1.1584263044367544E-5 0.9812898909972584 
English/CSTAUS_business14.en,0.0010555019774596784 6.207636382231759E-6 2.7429811831922895E-6 0.0019175254303110865 1.1032572378948102E-5 8.513342069558627E-6 1.3749861516713247E-6 0.003255681954035793 0.002108833044043122 0.9916325860759847 
English/CSTAUS_business15.en,0.0032649841540411065 0.0027561769871769447 2.927340443707082E-6 0.013350119060387574 1.1774085626586089E-5 9.085534638020472E-6 1.467400722975526E-6 0.013148850565403984 1.01945923647835E-5 0.9674444202791943 
English/CSTAUS_business16.en,6.672219903345415E-6 7.065951686342907E-6 3.1222467495778666E-6 0.006092818562656707 0.004683028574616066 0.001313077593334581 1.5651022577464837E-6 0.007398767657718673 1.0873362181922432E-5 0.980483008728895 
English/CSTAUS_business17.en,6.208289751693509E-6 6.574644732301047E-6 2.90515192521513E-6 0.002637273781393938 1.1274821876672109E-4 7.164603131610826E-4 1.456278187451228E-6 0.003852418141225583 1.0117319869303796E-5 0.9926538378609867 
English/CSTAUS_business18.en,1.051672138903492E-4 3.0368781823864044E-4 2.8481587064149543E-6 0.004666230874643346 3.0869776272938223E-4 8.839779683753781E-6 1.4277089478700018E-6 0.0038759221889036175 9.918838468046305E-6 0.9907172596557886 
English/CSTAUS_business19.en,6.282577557276915E-6 0.005324833330779728 2.939914697257425E-6 0.0024642857638349333 3.186427384171105E-4 9.124561125843055E-6 1.4737038739432639E-6 0.011568967754800567 0.0013397833863762786 0.9789636662685371 
English/CSTAUS_business1.en,0.0030722806701653153 0.0021789493942152584 3.6704093232175677E-6 1.2161569723972873E-5 0.01546463281975911 1.1391784345921926E-5 1.8398821039362866E-6 1.51733288448288E-5 0.0023111101355006367 0.9769287900060178 
English/CSTAUS_business20.en,5.755192796268032E-6 6.094810248029891E-6 2.6931264649014624E-6 0.001414236119225225 2.918945888057014E-4 8.358608864244642E-6 1.349995259402212E-6 0.006100821594194708 9.378931840846074E-6 0.9921594170323007 
English/CSTAUS_business21.en,0.0020636764079178626 6.374296077659827E-6 2.8166234490093145E-6 0.0017730388869967547 0.0011871329427747923 8.741904264414102E-6 1.4119011317289948E-6 0.005694697314657321 9.809015541553376E-6 0.989252300707189 
English/CSTAUS_business2.en,9.019832823622303E-4 9.024463177048056E-4 3.671815829267161E-6 1.2166230054710679E-5 0.005507322075524788 1.1396149693812924E-5 1.8405871493636061E-6 0.0033362580810950074 1.278726077057671E-5 0.9893101281998155 
English/CSTAUS_business3.en,8.34667054312414E-6 0.004628541832333853 3.905801270129024E-6 1.2941519675798915E-5 0.00232556087264462 1.212236615842433E-5 1.9578780527242135E-6 0.0017825033139471644 1.3602125401032907E-5 0.9912105176199731 
English/CSTAUS_business4.en,8.114046265294336E-6 0.0027824149726231747 6.64230781461964E-4 0.0014655352749046425 5.436188013277803E-4 1.1784512081325893E-5 1.9033113885986014E-6 1.569642398908533E-5 1.3223029978251146E-5 0.9944934788459799 
English/CSTAUS_business5.en,0.002035829049059486 0.0027125392765465395 3.2401433308873415E-6 0.004519413444382196 1.3032213285028077E-5 1.00563754134617E-5 1.6242007917150109E-6 2.3882850213843032E-4 2.3671781834034834E-4 0.9902287189767119 
English/CSTAUS_business6.en,7.1866215788154675E-6 0.005155145433161582 3.36295958315946E-6 1.1142862783937027E-5 0.0014173993004968329 7.123741113985526E-4 1.6857654306228879E-6 1.390234362264946E-5 1.1711655254602661E-5 0.9926660889466893 
English/CSTAUS_business7.en,7.082224856196174E-6 5.839500231220813E-4 3.3141074271174747E-6 1.0980995577979139E-5 0.0024344191667510003 0.0018549255263540846 1.6612770971087503E-6 0.00842986851957361 1.1541525463904947E-5 0.9866622566337769 
English/CSTAUS_business8.en,6.74178488567749E-6 0.0014338639762758016 3.1547994896129876E-6 0.004180878179451054 0.0017686573873079256 0.0024242480952284704 1.581420111846801E-6 0.013512049172368472 0.0013279630557996008 0.9753408621290816 
English/CSTAUS_business9.en,7.004697996756088E-6 7.4180495156769344E-6 2.3133369243764936E-4 8.090563123282783E-4 1.3183788990376341E-5 2.3822920308658367E-4 1.6430916259307342E-6 0.0034343883692362263 1.1415184061233794E-5 0.9952463276107213 
English/CSTAUS_electronics1.en,5.538804484596982E-6 1.861956027167631E-4 2.5918681561903205E-6 8.587920997656299E-6 0.0010924044790668484 8.04433524664743E-6 1.2992370649703253E-6 1.0714681767928983E-5 0.9986762893244574 8.333746040953867E-6 
English/CSTAUS_electronics2.en,0.009878261719514007 5.83880349542782E-6 2.5800042293324416E-6 0.0025216118064793295 1.0377061123319773E-5 9.775977037045807E-5 1.2932899825645177E-6 0.006293323625586437 0.9811806583197765 8.295599442622516E-6 
English/CSTAUS_electronics3.en,0.021276895827226857 0.01662484300788078 3.8211722480857215E-6 0.04108789593763156 0.016764494057128525 2.777188296670944E-4 1.915455693412363E-6 0.14397851282073182 0.7535909975085164 0.006392905383275503 
English/CSTAUS_hardware10.en,4.5248796061442346E-4 4.8563551419988894E-6 2.1458877345861818E-6 0.9843468741556486 8.630996776057495E-6 0.004336381548313547 1.0756785121885065E-6 0.007473907903349243 8.212351766911955E-5 0.003291515996240311 
English/CSTAUS_hardware11.en,4.911316211841784E-6 5.201135989511789E-6 2.2982367638817684E-6 0.9453391579122098 0.010802525078429345 0.0025655404200079566 1.1520471751547648E-6 0.010003279818352726 0.0024864609023485785 0.028789473132511217 
English/CSTAUS_hardware12.en,7.133635546644826E-4 2.0861706616067335E-4 2.903977981919434E-6 0.48744337317214675 0.04567386778736795 0.039104735652343244 1.455689719770764E-6 0.023348211461114 1.0113231559935912E-5 0.40349335840694117 
English/CSTAUS_hardware13.en,4.841258400318521E-6 5.126944023622582E-6 2.265453405797097E-6 0.9134128141144056 9.111903072372931E-6 0.015453747409512487 1.135613718138029E-6 0.004737951876119101 0.004972905450721675 0.061400099976620964 
English/CSTAUS_hardware14.en,7.448743675845539E-5 0.002881802492228383 2.0172830835218734E-6 0.9113189291181545 0.002955527433412253 0.0038659694207137454 1.0112122973498934E-6 0.03797383486949412 0.006322911774645067 0.03460350895921258 
English/CSTAUS_hardware15.en,8.190182074545783E-5 5.019735281412807E-6 2.218080856174691E-6 0.9423843781131861 0.0037898494262511655 0.007337254948333486 1.11186707339278E-6 0.025704047913603617 0.003094196450889989 0.017600021643779183 
English/CSTAUS_hardware16.en,5.015984819980682E-6 0.010865308496090713 2.34721614799659E-6 0.8868530566022212 0.004908687309916005 0.021727278043014886 1.1765992848403634E-6 0.02524082302258469 0.0023761434487975415 0.04802016327712214 
English/CSTAUS_hardware17.en,5.17660750413523E-6 5.4820822834450995E-6 2.4223790863851404E-6 0.9138194393958377 0.0034647659392845016 0.018462396518972538 1.2142765390761746E-6 0.02672323957760796 0.00995216038198275 0.02756370284090152 
English/CSTAUS_hardware18.en,2.3086344962337113E-4 4.905794759433378E-6 2.1677337210417022E-6 0.9789087953971041 0.002572670395627912 0.001967396775222576 1.0866293451836426E-6 0.009963126097433486 0.0020436283860855923 0.004305359341077359 
English/CSTAUS_hardware19.en,0.0018326299726994352 3.5617274725747067E-4 2.021396866656248E-6 0.9324449310556424 0.01428301424519775 0.01765649975915974 1.0132744313796143E-6 0.007462236672411502 0.014985119822657383 0.010976361053676284 
English/CSTAUS_hardware1.en,5.393401993782916E-6 5.71166994870593E-6 2.5238274649509444E-6 0.9915989739874659 1.0151111990729412E-5 0.004573329156317949 1.265130010653822E-6 8.006154038187779E-4 8.789340597377525E-6 0.002993246970391195 
English/CSTAUS_hardware20.en,0.009954164186599704 0.00387752277017683 0.0014042773453810983 0.8947105912700428 0.049157020347923276 0.01028991455661485 9.6225472588513E-7 0.015901323211021383 0.009155399855581248 0.005548824201932968 
English/CSTAUS_hardware21.en,0.005552428717937051 4.1971347854790635E-6 1.8545966662679853E-6 0.9141480876937735 0.014136691196771864 0.026844844803798368 9.296617667958392E-7 0.03826627167138464 9.742143178531993E-4 7.048020526277721E-5 
English/CSTAUS_hardware2.en,6.476656387988853E-6 0.004645869444290499 3.030733346392235E-6 0.9746239955500896 1.218994326692759E-5 0.002856072026628521 1.5192289346469362E-6 0.00865795777215472 0.005598453790246958 0.003594434854653763 
English/CSTAUS_hardware3.en,6.833277408960582E-6 7.236513294006507E-6 3.1976131614597562E-6 0.943192627060894 0.005574731844903956 0.011689852829832656 1.6028815080285264E-6 0.036721565379419986 0.0027920711753613536 1.0281424215646122E-5 
English/CSTAUS_hardware4.en,5.721423164290761E-6 0.0010305746735006826 2.677324059524714E-6 0.973671266576745 3.833196287977925E-4 0.004292647634124246 1.342073918676557E-6 0.013702322223203322 0.004293661970171715 0.002616466472314785 
English/CSTAUS_hardware5.en,0.0033060422576481523 0.004179944645769314 2.790105126232077E-6 0.8346382562432587 0.011561501487477855 0.012432489518375504 1.398608176309659E-6 0.05766586990147723 0.006027509281113641 0.07018419795157704 
English/CSTAUS_hardware6.en,6.010859478897837E-6 6.913117419457335E-4 2.812764978076969E-6 0.975568376176437 0.0011855066984310064 8.729928796585965E-6 1.4099669791613033E-6 0.007448186364253152 0.014197966407573861 8.896890911265895E-4 
English/CSTAUS_hardware7.en,5.6743866819159125E-6 6.009235715378937E-6 2.6553134683970424E-6 0.9813698572420286 0.0057377493969339435 0.0035183805797051456 1.3310405735788608E-6 0.004814325519557001 0.004535479540832341 8.537744503667735E-6 
English/CSTAUS_hardware8.en,0.0069316514313978415 5.006985796672921E-6 2.212447214868476E-6 0.9570002878363143 0.0037032578779962757 0.0031624651923246342 1.1090430734226035E-6 0.0070900012494263314 0.0067037309437615175 0.015400276992694124 
English/CSTAUS_hardware9.en,5.559356111994541E-6 0.0012728808426833661 2.6014852330807855E-6 0.9928789677751636 8.249592336616668E-4 2.7957277478961654E-4 1.3040578590847635E-6 0.004173732836664433 5.520569695880489E-4 8.364668245183294E-6 
English/CSTAUS_industrial1.en,1.198678869094603E-5 1.2694136433087139E-5 5.60918443491617E-6 2.1371581180705448E-4 2.2560757486881953E-5 0.05484901946160852 2.8117403675384276E-6 0.32198815986931395 0.6228754067959835 1.8035453873615235E-5 
English/CSTAUS_industrial2.en,8.221556184302701E-6 0.008708105049095865 3.847254353838106E-6 0.006303081709615207 1.5474080675079357E-5 0.06331679314604031 1.9285299844194268E-6 0.31975225239248806 0.5915724849346882 0.010317811346874739 
English/CSTAUS_industrial3.en,8.483845494519215E-6 0.017272315382388482 3.969991907176527E-6 0.01037115274953812 1.5967744630602822E-5 0.03536762327664999 1.990055173569264E-6 0.19226086469367545 0.734603082127877 0.010094550132665187 
English/CSTAUS_leisure10.en,0.011370321113206638 0.9662896107212448 4.665183963255069E-6 1.5457665630205666E-5 0.006510393396237341 5.013514622055663E-4 2.3385371302509555E-6 0.002129065279965109 0.012999505734367452 1.7729090604939242E-4 
English/CSTAUS_leisure11.en,0.004511642651721746 0.9551887702932044 0.008525821896449568 1.531352155294596E-5 0.009343675937325333 0.0033906688422865377 2.316730067991898E-6 1.9105847647051712E-5 0.018023159814018364 9.79524465726092E-4 
English/CSTAUS_leisure12.en,0.00456077166395983 0.9623396256442184 0.0011423689117104276 1.5480276379482527E-5 0.007657613398497768 1.4500428327333197E-5 2.3419578328325543E-6 0.001969651447830424 0.02212009603236075 1.7755023888280016E-4 
English/CSTAUS_leisure13.en,0.005345610324047999 0.9667383475336283 4.647835049926679E-6 0.0026023955427384466 0.008588116238255745 1.4425403245697753E-5 2.3298405647333894E-6 9.893372290761253E-4 0.015699845667871755 1.4944385521239786E-5 
English/CSTAUS_leisure14.en,0.003055802917867248 0.9574021538548692 0.003531503512288249 0.011237208503399604 0.008194519521149194 1.4302836204549512E-5 2.310044815560714E-6 1.9050715020166528E-5 0.0165283306854967 1.4817408889535344E-5 
English/CSTAUS_leisure15.en,0.005508603054702372 0.9685566607022916 0.0026706648561990835 0.002348510638938427 0.006850569572512608 1.4865247477371236E-5 2.4008796140870006E-6 8.528858533507041E-4 0.01284620472786772 3.4863446704598274E-4 
English/CSTAUS_leisure16.en,0.003341465878579628 0.9625709139272599 4.787956438575828E-6 1.5864461136459786E-5 0.00734797259472466 0.0018470390221839183 2.400079824895324E-6 1.979322498928821E-5 0.019837516858234188 0.0050122459966284744 
English/CSTAUS_leisure17.en,0.003458487151338402 0.9629352786503929 0.005259424821345956 1.7984993794222597E-4 0.0121704898418209 8.356980132310233E-4 2.3661858537073654E-6 1.951370470394396E-5 0.014795295146839095 3.4359654653184864E-4 
English/CSTAUS_leisure18.en,0.00541566178360716 0.9594226172052784 0.0037722476019623075 3.432140677242286E-4 0.007062598687742221 1.461444069714546E-5 2.3603719207818267E-6 1.946575776431547E-5 0.018854092700964636 0.005093127382338741 
English/CSTAUS_leisure19.en,0.004641080426128195 0.9529341516566885 0.003517968052804343 9.734046368497915E-4 0.017265953140239564 0.003367926416571193 2.30119093281694E-6 1.8977697909919395E-5 0.017263476164785213 1.476061709052314E-5 
English/CSTAUS_leisure1.en,9.668206561151677E-6 0.9772236346848858 4.52421037482111E-6 0.004264428747384114 0.0058415010517889 0.001745294305423865 2.2678706841827693E-6 1.8702909058701113E-5 0.009301565129648214 0.0015884128841902219 
English/CSTAUS_leisure20.en,0.00609184142154862 0.958460694850041 0.00427838303847205 0.004618056816598441 0.009388177855341956 1.4664886834160934E-5 2.368519454292739E-6 8.413902655091665E-4 0.01628922986119712 1.5192485003177739E-5 
English/CSTAUS_leisure21.en,0.005970157308524374 0.9600958803833077 4.630614693002102E-6 1.53431234760571E-5 0.008878473339968366 0.00822986783645606 2.321208441245552E-6 1.9142780355904194E-5 0.016769294388616126 1.4889016161111936E-5 
English/CSTAUS_leisure2.en,0.0041742743907016286 0.9495791011381567 0.0021700900879557763 1.5864461136459786E-5 0.014010440691700661 1.4860295515517655E-5 2.400079824895324E-6 0.0035175889759016888 0.02150313388247819 0.0050122459966284744 
English/CSTAUS_leisure3.en,0.008690358997673005 0.9568087955874531 0.0022976169021407334 0.003454962833922876 0.008044117236974483 0.002143741768621647 2.3599853409348843E-6 1.9462569677899554E-5 0.011972278000140425 0.0065663061180548515 
English/CSTAUS_leisure4.en,0.007834173767368365 0.9527882211919497 4.4103724764980535E-6 0.0033899952197196225 0.009990458102893613 1.3688394866382943E-5 2.2108066639522677E-6 0.0012456438890613146 0.02180191488728963 0.002929283367710843 
English/CSTAUS_leisure5.en,0.006975614705137078 0.9574253135682379 0.0021607328092408 1.5796054674746205E-5 0.012291593639641343 1.4796218946670414E-5 2.3897308463048116E-6 0.0033365778751074026 0.017596013356263943 1.811720419038612E-4 
English/CSTAUS_leisure6.en,0.007525416929747195 0.9609990888968041 4.696433658278629E-6 1.7893904961104962E-4 0.005737114006227092 0.002791999533853683 2.3542018012901278E-6 1.827927143280453E-4 0.022072364064417822 5.052341695514667E-4 
English/CSTAUS_leisure7.en,0.006973090064775701 0.9598473130252712 0.003802750164135745 0.002388949154477313 0.005399082265380541 3.306362303405735E-4 2.280432517353691E-6 1.8806505275648106E-5 0.01979813935699743 0.001438952800828549 
English/CSTAUS_leisure8.en,0.007321370001606116 0.9662512709783121 1.67145805290745E-4 1.547524605390537E-5 0.00830502631413952 0.0011518229248118528 2.341196812157062E-6 1.9307622507618092E-5 0.016751222682132236 1.5017228333809395E-5 
English/CSTAUS_leisure9.en,0.008450912505736185 0.9579988479641017 4.578252038805199E-6 1.5169624551585736E-5 0.007822476720899394 0.0033588076484178607 2.2949603849968743E-6 0.002885724779813629 0.019446466891806652 1.4720652249133989E-5 
English/CSTAUS_software10.en,4.2573614929337494E-4 6.819304316936058E-6 3.0132601641033435E-6 0.01321783440409863 0.0337655147187855 9.352202150993683E-6 1.5104700762850669E-6 0.9042260770129935 0.006299946306227817 0.0420441961718928 
English/CSTAUS_software11.en,4.4102687555045125E-6 4.6705214159020315E-6 2.0637730000077804E-6 0.01666299765826762 0.0010852075886199951 0.012067762198781251 1.0345165007298397E-6 0.9611120128779279 7.187180607487589E-6 0.009052653416123595 
English/CSTAUS_software12.en,0.001146035001212955 4.64186132916407E-6 2.05110890794596E-6 6.796164078392089E-6 8.249785898160373E-6 0.011280177471266598 1.0281683160192802E-6 0.9809727845179267 7.849631456860522E-5 0.006499739606495478 
English/CSTAUS_software13.en,4.88981441302589E-6 5.178365356378671E-6 2.2881750569183422E-6 7.581661347507015E-6 9.644057993832198E-4 7.10176835843501E-6 1.147003499382704E-6 0.981639235923661 0.0012815720137840084 0.016086599475140045 
English/CSTAUS_software14.en,4.196651641846864E-6 4.444298625534442E-6 1.9638114657008267E-6 0.0015777833131624644 7.898665972158694E-6 6.892586995581688E-4 9.844083460643676E-7 0.9826707164029389 6.839060150023065E-6 0.015035914688139088 
English/CSTAUS_software1.en,4.453755021737619E-6 0.008197408042645198 2.0841222773644087E-6 0.1625557044276761 0.015016233313058128 8.764887863352372E-4 1.0447170718213699E-6 0.8084750100935884 0.004864871573620197 6.701168705810524E-6 
English/CSTAUS_software2.en,4.9846445334085225E-6 4.921423566465319E-4 2.332550548046609E-6 0.024107475172249863 0.015021008368411151 7.239495783542584E-6 1.1692477955334965E-6 0.9579948511044499 8.12321028758586E-6 0.0023606738492943694 
English/CSTAUS_software3.en,4.697973116827271E-6 4.9752033877952936E-6 2.1984034558368757E-6 0.022032737064101117 0.009492023310209059 8.330041268182043E-5 1.1020032970274237E-6 0.9681348091701518 2.370878376655721E-4 7.068621933080519E-6 
English/CSTAUS_software4.en,4.068787835686845E-6 4.308889497860816E-6 1.9039779531735186E-6 6.686576450528737E-4 7.389290760603687E-5 5.909342618748813E-6 9.544153400477696E-7 0.9992275514039441 6.630687300435192E-6 6.121942850922594E-6 
English/CSTAUS_software5.en,0.0021233495282566984 5.511808605008316E-6 2.4355143178440603E-6 0.013055842137932887 0.0014501344053679409 7.559062610478247E-6 1.2208608938889892E-6 0.9815583922063694 0.001618271872810978 1.7728260283476509E-4 
English/CSTAUS_software6.en,0.002177845357434236 5.235459236309202E-6 2.313403248243006E-6 0.006526370144328264 0.0030674626130216547 7.180068648593464E-6 1.1596497449769798E-6 0.9856216475682246 0.0025833473503622125 7.4383857508835765E-6 
English/CSTAUS_software7.en,6.213941769195612E-6 6.580630278817612E-6 2.907796771088038E-6 1.1079010767316645E-4 0.0016301816508173367 0.005977192636516387 1.4576039808875216E-6 0.9915371118362717 7.182142309093115E-4 9.34956501204607E-6 
English/CSTAUS_software8.en,5.737990299050542E-6 6.076592620915671E-6 2.685076604165458E-6 0.010657349122875859 2.910221044199505E-4 0.002997372884754084 1.3459600705709098E-6 0.9642564838147033 0.007014911663704484 0.014767014789947576 
English/CSTAUS_software9.en,0.004588191444072566 0.007874343139763032 2.4856365296641905E-6 0.025343778180454312 0.07930246249272126 9.418405349950412E-5 1.245985873807229E-6 0.8639263253650245 0.009174415650670198 0.009692568051391176 
English/CSTAUS_undef10.en,6.4759736127567646E-6 7.448047346218082E-4 3.030413843621049E-6 1.0041002516684546E-5 0.002542291320499674 0.987909074128763 1.5190687760980943E-6 0.008762465986333828 1.055355003164254E-5 9.743821000852739E-6 
English/CSTAUS_undef11.en,6.356690767682134E-6 6.731802983133587E-6 2.974595767971604E-6 9.85605436537764E-6 1.1964151744587034E-5 0.9952718428124679 1.4910886056539032E-6 0.0046688592954568274 1.0359161118301076E-5 9.56434672248475E-6 
English/CSTAUS_undef12.en,7.070787852705834E-5 7.488039374503996E-5 3.308755513138332E-5 1.0963262494477437E-4 1.3308179037691632E-4 0.9992036244307009 1.6585943198256438E-5 1.3678266113376542E-4 1.1522887187135318E-4 1.0638785037056522E-4 
English/CSTAUS_undef1.en,1.512010286546206E-5 1.6012349396086585E-5 7.075410089721671E-6 5.157173629000293E-4 2.8458078532914906E-5 0.9636475919767228 3.5467217020572853E-6 0.03571908769692486 2.464042808326202E-5 2.2749872782885974E-5 
English/CSTAUS_undef2.en,1.1046949524305952E-5 1.1698836781605047E-5 5.169389310403464E-6 1.7128304500305785E-5 3.80453556375013E-4 0.8712965204095873 2.5912823456303914E-6 0.09659053739223111 7.3732603316987E-4 0.03094752784617449 
English/CSTAUS_undef3.en,1.0531797280087095E-5 1.1153285087942121E-5 4.928325250263058E-6 1.6329560513689186E-5 1.9822266869233967E-5 0.9285603438011762 2.470443111883637E-6 0.012364399251014466 1.7163110315886744E-5 0.058992858159380275 
English/CSTAUS_undef4.en,7.399576954098299E-6 4.896605468596488E-4 3.462611458834088E-6 1.1473050271876184E-5 0.008084484303247316 0.9071654784302401 1.7357183613539774E-6 0.015914516739723897 1.2058697312205775E-5 0.06830973032557063 
English/CSTAUS_undef5.en,7.347359938082281E-6 7.780932148029227E-6 3.4381766513951244E-6 1.1392087744759369E-5 1.3828725107760613E-5 0.9294692841005557 1.7234698187634555E-6 0.025849120047537793 1.1973602016273348E-5 0.044624111498481375 
English/CSTAUS_undef6.en,8.201797527880018E-6 0.0013438382970178536 3.83800834551023E-6 1.271689394418685E-5 0.0012170741479664896 0.9737386348719979 1.9238951974631883E-6 0.013901452243162924 1.336603354735364E-5 0.009758953811292409 
English/CSTAUS_undef7.en,5.912508406611745E-6 6.2614091488902905E-6 2.766741867296585E-6 4.904094422913512E-4 0.0010698607451753413 0.9799137369545874 1.3868967735151176E-6 0.008770043696358892 1.0588371934035054E-4 0.009633737886050315 
English/CSTAUS_undef8.en,8.201797527880018E-6 8.685790623314036E-6 3.83800834551023E-6 0.004151689663767259 0.0049555011658712 0.9824171261635624 1.9238951974631883E-6 2.8289667793861994E-4 1.336603354735364E-5 0.008156770803618962 
English/CSTAUS_undef9.en,8.160395114317823E-6 2.7432448481306046E-4 3.818634201216152E-6 0.008647335242482682 0.001210930396302458 0.9738712014095211 1.9141834355786836E-6 0.015159690852453746 1.329856223429908E-5 8.093258394415169E-4 
English/D_CKTAUS_electronics1.en,6.289009496626105E-6 6.660127798820133E-6 0.004609925776285694 0.0436225221113514 0.0035950456511568223 1.1151129932021352E-4 0.7870789010901019 0.1457975788446799 0.015162103577069663 9.462512738945801E-6 
English/D_CKTAUS_hardware1.en,4.020323830768227E-6 4.257565602329444E-6 1.8812993568411627E-6 0.44916188291774606 5.965804671779496E-4 0.0035399209994250677 0.5396029143893764 0.0070104953422432045 6.551708087234741E-6 7.149498715411595E-5 
English/D_CKTAUS_industrial1.en,3.731200488538876E-6 3.951380914597215E-6 1.7460048928427468E-6 5.78522948609189E-6 7.022623951020649E-6 5.419044432012545E-6 0.9962483293422658 0.0036515812404655295 6.080539141839014E-6 6.635339396193456E-5 
English/D_CKTAUS_undef1.en,0.0553532053143787 0.0321062753490264 0.0017340869925587291 0.004769518738417888 0.06281606438642975 0.00698323851538146 0.5670760237713898 5.719566926288147E-6 0.269151418757566 4.4486079251178425E-6 
English/D_CSTAUS_business1.en,7.789564331039617E-4 5.59235748281147E-6 2.4711066178012094E-6 9.415175468250812E-5 0.00439410133573316 7.669529800860103E-6 0.5127762966871904 1.0215458282909303E-5 9.456970405230008E-5 0.48183597563305325 
English/D_CSTAUS_electronics1.en,3.5556199807650257E-6 3.765439293522716E-6 1.6638424824864472E-6 5.512991761564244E-6 6.6921576887513E-6 5.164038415599201E-6 0.5864526704614456 6.878259864115619E-6 0.4135087473642058 5.349824862069142E-6 
English/D_CSTAUS_hardware1.en,3.7346030511365688E-6 3.954984264497748E-6 1.7475971125484484E-6 0.49542243891400395 7.029028034013992E-6 6.6218764481257E-5 0.5044759464019456 7.224498234906833E-6 6.0860841172755745E-6 5.61912475489884E-6 
English/D_CSTAUS_industrial1.en,8.348939344121749E-6 8.841615368251402E-6 3.906862949246744E-6 1.2945037453648095E-5 1.5713833009977942E-5 0.024476022819995735 0.5531578552769185 0.11744285718077213 0.3048609465283838 1.2561905804534148E-5 
English/D_CSTAUS_leisure1.en,5.665490018527038E-6 0.42950835346547944 2.6511502995041713E-6 1.0101160784696455E-4 5.640267833885782E-4 8.228328183872049E-6 0.5697813463164717 1.0959751833939714E-5 9.232747991208074E-6 8.524358486251717E-6 
English/D_CSTAUS_undef1.en,1.1064857749438643E-5 1.171780178207098E-5 5.1777694145548905E-6 1.7156071218390075E-5 2.0825558767085435E-5 0.5155263093954898 0.4825504399749071 0.0018226284535815857 1.8031810633335635E-5 1.6648306456661575E-5 
