Dutch/CKTAUS_electronics1.nl,2.4472983163496998E-6 6.192231474058237E-6 6.423739991871297E-6 2.2629444787101352E-6 0.4246152473027334 2.486070827088882E-6 0.013255607554971282 0.011336654927837482 4.889788541301895E-6 3.4551335445449538E-6 1.2848274084734879E-6 3.2628975737588186E-5 0.4210120816681211 0.12963415862791955 1.342919783643674E-5 4.683898429913512E-6 1.7926020469260865E-6 5.418078564063687E-6 7.407053646277943E-6 5.065670234784819E-6 2.528100463108512E-6 1.7732985165888503E-6 4.781945517973872E-6 4.995193999901288E-6 8.426691801287643E-6 2.5846674966472008E-6 2.9820807829448146E-6 6.992019634949978E-6 3.1588955441436257E-6 8.159513581095745E-6 
Dutch/CKTAUS_hardware1.nl,1.3942292164625732E-6 3.527722786614894E-6 3.659613507594245E-6 1.2892025816273654E-6 4.5109007958991E-6 1.4163179691524403E-6 2.6391739053554724E-6 3.4814956421249684E-6 2.7857192566436775E-6 1.9683943319871584E-6 7.319679415615878E-7 1.8588772350584742E-5 3.051980116707472E-5 2.880059023588445E-6 7.650632475873715E-6 2.6684233770360854E-6 1.0212478514032664E-6 3.086686809140012E-6 4.219808648808255E-6 2.8859192993015615E-6 1.4402623105939284E-6 1.0102506036230327E-6 2.7242809379429756E-6 2.8457688913662272E-6 1.1420792515272578E-4 1.4724886273945274E-6 1.698895523139461E-6 3.983363201780691E-6 1.799627135758284E-6 0.9997678910486779 
Dutch/CKTAUS_industrial1.nl,1.3866437739384325E-6 3.5085298604281496E-6 3.6397030168408975E-6 1.282188546941075E-6 4.486358792105629E-6 1.408612350575481E-6 2.624815217606066E-6 3.4625542193090062E-6 2.770563274356005E-6 1.957685087127109E-6 7.279855972779727E-7 0.002194727365464995 0.03332682158095937 0.96429468750172 1.1642099480887276E-4 2.6539055546310037E-6 1.0156916510394725E-6 3.0698933829915054E-6 4.1968503607517036E-6 2.870218168730147E-6 1.432426420449254E-6 1.0047542348780112E-6 2.7094592169301213E-6 2.8302862030768406E-6 4.77457923420721E-6 1.464477406772648E-6 1.6896525133150144E-6 3.9616913186619696E-6 1.789836085590928E-6 4.623195558140435E-6 
Dutch/CKTAUS_industrial2.nl,1.4002037203206779E-6 3.5428396649230597E-6 3.6752955595568105E-6 1.2947270289039428E-6 4.530230755342214E-6 1.4223871269860952E-6 2.6504832040658817E-6 3.496414429437878E-6 2.7976565265343787E-6 1.976829228768741E-6 7.351045458152013E-7 0.0022161895361815765 0.04453045301760451 0.9527381687101163 7.683416707264319E-6 3.3230802419250576E-4 1.0256240681373917E-6 3.099913775002022E-6 4.237891230033123E-6 1.12774341335662E-4 1.4464340739092592E-6 1.0145796953231136E-6 2.7359549344294338E-6 2.8579634839195802E-6 4.821269696192083E-6 1.4787984858320837E-6 1.706175572745125E-6 4.000432574977197E-6 1.8073388370616157E-6 4.668405643860549E-6 
Dutch/CKTAUS_industrial3.nl,1.3387187879271447E-6 3.3872685475794824E-6 3.5139081159112175E-6 1.2378737277128794E-6 4.331301894008002E-6 1.3599280897253296E-6 0.0018934564504722482 3.3428819100666776E-6 2.674807458289582E-6 1.8900238520078724E-6 7.028250620188897E-7 0.0029592834436437767 0.03931846913415195 0.9531326829214966 7.3460269760834184E-6 2.56218164617561E-6 9.805874598385896E-7 2.9637921620426376E-6 4.0517994121153285E-6 2.7710180942978765E-6 1.3829191010839866E-6 9.700280611076965E-7 2.6158152706549213E-6 2.7324662515941743E-6 0.002315736882148264 1.4138623457508238E-6 1.6312549821058526E-6 3.82476790358136E-6 1.7279760239250457E-6 3.196171349515842E-4 
Dutch/CKTAUS_industrial4.nl,1.5048697323126376E-6 3.8076689133195027E-6 3.950025960231985E-6 1.3915085991618327E-6 1.2295822008740525E-4 1.5287113610455792E-6 2.84860830743135E-6 3.757773365490836E-6 3.0067829181487142E-6 2.1245983203384873E-6 7.900540221599841E-7 0.005570263450000784 0.05813290293892952 0.9359793129326164 8.257756407659897E-6 2.88017890149046E-6 1.1022900414218548E-6 3.331634065156726E-6 4.554675972043151E-6 3.114934439858224E-6 1.5545558307138287E-6 1.0904200955565651E-6 2.9404690974905554E-6 3.0715978543610486E-6 1.2327101435202054E-4 1.5893395005469602E-6 1.8337131520028286E-6 4.299467149581595E-6 1.9424384269627928E-6 5.017371579325808E-6 
Dutch/CKTAUS_industrial5.nl,1.521943639444858E-6 3.850869852258152E-6 1.2342400882386163E-4 1.4072963368547584E-6 4.924109101589521E-6 1.5460557698339406E-6 2.880927964510512E-6 3.8004082009777083E-6 3.040897188114344E-6 2.1487035260156487E-6 0.006330544856829764 0.005275174882319944 0.093307494731906 0.891900161348847 0.001083213947987872 2.9128567512952113E-6 1.1147963716349594E-6 3.369434021794574E-6 4.6063522818885965E-6 3.1502757722055515E-6 1.5721934649326194E-6 1.1027917520839566E-6 2.973830986043237E-6 0.0010779689484680692 8.412446196780636E-4 1.6073717823127756E-6 1.854518041218265E-6 4.348247918610139E-6 1.964476888232827E-6 5.0742975275018025E-6 
Dutch/CKTAUS_legal3.nl,1.004518284074172E-6 2.5416638802697732E-6 2.636688887032741E-6 9.288483915191843E-7 3.25002680593806E-6 0.056282808993863474 1.9014796214838729E-6 2.5083580139800925E-6 2.007063038526709E-6 1.4181944212629722E-6 5.273703720829235E-7 1.7104496107472344E-4 0.07490672167352014 8.090106762487958E-5 5.512149735497313E-6 1.922553365137899E-6 7.357915952362934E-7 2.2239050081439316E-6 3.040299896868505E-6 2.079255454039441E-6 1.037684340402253E-6 7.278682664612968E-7 0.8461994420729291 2.0503277724158915E-6 0.017266360354083847 1.0609028500076549E-6 1.224025142763285E-6 0.005047736146546976 1.2966005453334694E-6 3.349154668478512E-6 
Dutch/CKTAUS_legal4.nl,1.9568738887784233E-6 4.951344102148684E-6 5.136459652023249E-6 1.8094634939103987E-6 6.331286045461891E-6 0.9290326447091894 3.7042191071270943E-6 4.886461878381606E-6 3.909903199865692E-6 2.762744766501253E-6 0.002918644294240231 2.60903177237945E-5 0.008027893028103267 1.5760110026801134E-4 1.0738064263681556E-5 0.00138577434855581 1.4333749650237415E-6 4.332326957663509E-6 5.922722937513411E-6 4.050539219263698E-6 2.0214837526814913E-6 1.4179397505156372E-6 0.046225018333543526 3.994186014220554E-6 0.011830764573009309 2.066715079879322E-6 2.384489042217266E-6 5.5908593415239914E-6 2.5258711479577028E-6 3.1364196676021336E-4 
Dutch/CKTAUS_legal5.nl,1.1173433097989373E-6 2.827137322835772E-6 2.9328353048969535E-6 1.0331743608211236E-6 3.61506183197952E-6 0.6003432256032302 2.1150491409344455E-6 2.790090623471677E-6 6.159895578665741E-4 1.5774825343799842E-6 5.866033166097364E-7 0.0065031861370977995 0.08744100092116032 2.3080958595870835E-6 1.8149042269090777E-4 2.138489835700839E-6 8.184338994897331E-7 2.473688554876015E-6 3.3817789117490963E-6 2.3127923182355696E-6 1.1542344960900367E-6 8.096206418930937E-7 0.28697745160490984 2.2806155504827987E-6 0.0032479918009362804 1.180060851650114E-6 1.3615046395623994E-6 0.014645682303777637 1.442231533042989E-6 3.725323492499046E-6 
Dutch/CKTAUS_pharma10.nl,8.369464359549981E-7 2.117668299037418E-6 2.196841413153669E-6 0.4396387548911666 2.7078634556613185E-6 8.502061658618071E-7 1.584278372502453E-6 2.089918454629923E-6 1.6722485627826602E-6 1.1816138991051585E-6 4.3939543992458893E-7 0.004871214077234127 0.013219282017721962 1.728880091358412E-6 4.592623298864829E-6 1.6018366339329279E-6 6.130482271970146E-7 1.852917363454481E-6 2.5331227945379606E-6 1.732397975515402E-6 8.645797932353524E-7 6.064466532045164E-7 1.6353675526442527E-6 1.708295955254432E-6 2.8818267159593475E-6 0.0035474108108342886 0.006897044335739593 0.5317843947846703 1.0803040845337424E-6 2.7904549948820643E-6 
Dutch/CKTAUS_pharma11.nl,8.199825761504701E-7 2.074745805322067E-6 2.1523141792178484E-6 0.009716890157357034 6.699822310280931E-5 8.329735478793101E-7 1.5521670269635823E-6 2.047558415630792E-6 1.6383541712676295E-6 1.15766405994415E-6 4.3048944269296874E-7 0.001490873169164352 0.006581164446632117 1.6938378494314502E-6 4.499536555878638E-6 1.5693694043463786E-6 6.006225046742609E-7 1.815361040812219E-6 2.481779556657793E-6 1.6972844304666585E-6 8.470558397633038E-7 5.941547363482747E-7 1.602220693179733E-6 2.5905464956873733E-4 2.823415684750767E-6 0.724721356616412 9.991647795251832E-7 0.25712594038183867 1.058407668886332E-6 2.7338959544340215E-6 
Dutch/CKTAUS_pharma12.nl,8.438742664508365E-7 6.835525822374151E-5 2.21502578467704E-6 0.2905744075753385 2.7302778160322918E-6 8.572437538729041E-7 1.5973922487929901E-6 2.1072177705500393E-6 1.6860906129930164E-6 1.1913947171514014E-6 4.430325390239697E-7 0.004580435284299995 0.006772918695256375 1.7431909094777268E-6 4.63063877318783E-6 1.6150958488661384E-6 0.0037089415336557597 1.868254901037948E-6 2.55409073775607E-6 1.7467379129476105E-6 8.717363590564697E-7 6.11466519993692E-7 1.6489043200123891E-6 1.7224363880304257E-6 2.9056810585419335E-6 0.016357246286312202 1.0282772706509324E-6 0.6778971745070873 1.0892463098185325E-6 2.8135530073477608E-6 
Dutch/CKTAUS_pharma14.nl,8.598746743305182E-7 2.1756820517397753E-6 2.2570241219031577E-6 0.02415707299051357 2.782045668683014E-6 8.734976559760738E-7 1.6276798503239927E-6 6.962280856101227E-5 1.7180599935068405E-6 1.2139843400110897E-6 4.514327256514968E-7 0.003925051330119218 0.022150831525747507 1.7762429489493227E-6 4.718438712183589E-6 1.6457191222304585E-6 0.01187634187795699 1.9036782355656675E-6 2.6025179681984565E-6 1.77985720592429E-6 8.882650504302632E-7 6.230603250350721E-7 1.6801686240961356E-6 1.7550949082045306E-6 2.960774671362328E-6 0.004251873243768629 0.27698853586797356 0.6565404004575611 1.1098991320829618E-6 2.8668998120773394E-6 
Dutch/CKTAUS_pharma15.nl,0.001597017084025499 2.058717098023701E-6 2.1356862077794624E-6 7.523559979494188E-7 2.6324825270404624E-6 8.265383069201573E-7 1.5401755671473703E-6 2.0317397478998995E-6 1.6256968619264356E-6 1.1487203819672702E-6 4.2716364285076047E-7 1.0848081264951359E-5 0.005508750641227904 1.68075189401957E-6 4.464774825430757E-6 1.557245045419732E-6 5.959823206577226E-7 1.8013362428396697E-6 2.4626062593841247E-6 1.684171848063437E-6 8.405118043030995E-7 5.895645198820286E-7 1.5898425375268884E-6 1.6607407747311651E-6 2.801603034990783E-6 0.004214836390420249 0.3897300224591923 0.5988978539307134 1.0502308085290744E-6 2.7127749005076066E-6 
Dutch/CKTAUS_pharma16.nl,9.847246888146459E-7 2.491581500556611E-6 2.5847340809504226E-6 9.105458385336628E-7 3.185986443309281E-6 1.0003256673782858E-6 1.8640117937513216E-6 2.4589319118554598E-6 1.96751473554926E-6 1.3902495179009896E-6 5.169787686025587E-7 0.017090418172352833 0.014239751228115318 2.034145599793544E-6 5.4035352258322186E-6 1.8846702884655284E-6 7.212931423336752E-7 2.1800839286029005E-6 2.9803921116342534E-6 2.038284630958454E-6 0.33181042784360215 7.135259393011034E-7 1.9241217062327868E-6 2.0099269567015508E-6 8.066346783459707E-5 0.010973777843145962 0.0018557471476561564 0.6239034145201852 1.2710515963352285E-6 3.283161034494522E-6 
Dutch/CKTAUS_pharma17.nl,8.584844315265838E-7 2.172164415500011E-6 2.253374972047424E-6 0.0038406867180993424 2.7775476655593442E-6 8.720853875761238E-7 1.6250482224059083E-6 2.1437004560664106E-6 1.7152822392433366E-6 1.2120215737578522E-6 4.507028505696587E-7 0.001021944006144784 0.009248008575711009 1.773371124657325E-6 4.710809954573619E-6 1.6430583284714615E-6 0.3645209884311602 1.9006003742830773E-6 2.5983102249244556E-6 1.7769795381124154E-6 8.868289061510884E-7 6.220529629634174E-7 1.6774521324854662E-6 1.7522572760016133E-6 2.955987699721213E-6 9.066719785326521E-7 0.0034367397300039296 0.6178883773768981 1.1081046504828695E-6 2.862264617028195E-6 
Dutch/CKTAUS_pharma18.nl,0.0023989277187539846 2.2092225081252494E-6 2.291818552946573E-6 8.073580417573988E-7 2.824933866128153E-6 8.869635528012335E-7 1.6527722690373116E-6 2.1802729408630497E-6 1.7445457184011398E-6 1.2326992017604116E-6 4.5839204198799104E-7 0.0026152432698359172 0.022286762652869312 1.803625626078824E-6 4.791178471059191E-6 1.6710896355358254E-6 0.3504591886558898 1.9330254633836793E-6 2.642638554905955E-6 1.8072956006750024E-6 0.03254592851268555 6.326654636354699E-7 1.7060702131687098E-6 1.78215156575885E-6 3.0064181667676585E-6 0.028434997971668548 0.017952215415412122 0.543264632559894 1.127009409479485E-6 2.9110961265303698E-6 
Dutch/CKTAUS_pharma19.nl,0.004059414362525233 2.7841730604575287E-6 2.88826474069621E-6 1.0174731163282427E-6 3.5601234093538553E-6 1.1177959758397E-6 2.0829065472585087E-6 2.747689363144614E-6 2.198564053211072E-6 1.5535093891928886E-6 5.776886527894843E-7 0.016247926754039615 0.04242051627205398 2.2730195174142284E-6 6.038083523912216E-6 2.105991011659954E-6 8.059960852693558E-7 2.4360956854899795E-6 3.33038571082603E-6 2.277644603554562E-6 0.36861693380455723 7.973167635479675E-7 2.150075290869732E-6 2.2459568290604656E-6 5.218714772762986E-4 0.09809147496834664 1.3408137300367595E-6 0.4699904437709182 1.420313809593432E-6 3.6687094134153247E-6 
Dutch/CKTAUS_pharma1.nl,0.004599470150074323 2.031222861178765E-6 2.1071640458566225E-6 0.001827610167044108 2.5973256333817436E-6 8.154998597271503E-7 1.5196064700788202E-6 2.0046057944831555E-6 1.6039856250582022E-6 1.1333791822071225E-6 4.2145885787600184E-7 6.406576388349697E-4 0.006191126409981885 1.6583053953257427E-6 4.405147605825139E-6 1.5364479848884554E-6 0.009638890864138301 1.7772793360672217E-6 2.4297180690561164E-6 1.6616796757670681E-6 0.004095533108157683 5.816908656725367E-7 1.5686101363801355E-6 1.6385615252158561E-6 2.7641875311979253E-6 0.06268131403167404 0.0030877549317321266 0.9071996740712674 1.036204940371052E-6 2.67654569947112E-6 
Dutch/CKTAUS_pharma20.nl,0.35269142847485535 2.216359728867949E-6 2.299222612453678E-6 8.099663315703186E-7 2.834060233667833E-6 8.898290200159612E-7 1.658111794810812E-6 2.1873166357380762E-6 1.7501817319046084E-6 1.2366816192307911E-6 4.598729454181944E-7 0.0029673781806773174 0.015141357765874289 1.809452505980314E-6 4.8066570832134E-6 1.676488338276627E-6 6.416186157345618E-7 1.9392703886380106E-6 2.6511759904246334E-6 1.8131343369733547E-6 0.011411279403580202 6.347093831834744E-7 7.57820737598957E-4 1.787909070525793E-6 3.016130846238452E-6 0.02790822668325169 1.067363806285212E-6 0.5890802720899088 1.130650380411553E-6 2.9205008540224393E-6 
Dutch/CKTAUS_pharma21.nl,0.3515045802556415 2.3041008250587837E-6 2.390244078768842E-6 0.01179147132345478 2.9462548148696304E-6 9.250555099317002E-7 1.7237530102636673E-6 2.273907975959789E-6 1.8194678056815035E-6 1.2856392859385275E-6 4.780783638861204E-7 0.0019415167940270484 0.00909514537428151 1.8810849870762674E-6 4.996942692540004E-6 1.7428570430656618E-6 6.670189692727263E-7 4.3076619817228535E-4 2.7561305628096376E-6 1.8849125741409018E-6 9.406945440077767E-7 6.598362144996035E-7 8.592796520754852E-4 1.858688691583786E-6 3.1355332263020536E-6 0.008647423223846836 0.005789236725626743 0.6098282403644211 1.1754104897447815E-6 7.449447678740519E-5 
Dutch/CKTAUS_pharma2.nl,0.03442482196589379 2.1849702841699915E-6 2.2666596128187893E-6 0.004947548425570698 7.055762021367504E-5 8.772267161342285E-7 1.6346285994574885E-6 2.1563385171230572E-6 1.7253945856803557E-6 1.219166976282621E-6 4.5335994294830006E-7 2.1480444531811767E-4 0.009302529671091419 1.783825930731602E-6 4.738582260011015E-6 1.6527448830533255E-6 6.325316197052363E-7 1.911805252980799E-6 2.6136284113687318E-6 1.787455617377839E-6 0.010910847383278462 6.257202399396163E-7 0.001492488690365115 1.7625876066121209E-6 2.9734145528648296E-6 0.3951310331764042 0.0012885625030239756 0.5421798123008833 1.1146374168450383E-6 2.879138931202041E-6 
Dutch/CKTAUS_pharma3.nl,9.58000795423029E-7 2.4239638616838106E-6 2.5145884262211347E-6 0.013081464301552177 3.0995237364986875E-6 9.731783877420918E-7 1.8134254186733397E-6 2.3922003319366395E-6 1.914119451936999E-6 1.352520312645808E-6 5.029487705180234E-7 1.2772690808316475E-5 0.012424967544041753 1.9789420583678238E-6 5.256891701044787E-6 1.8335232740366247E-6 7.017183705636766E-7 2.1209198483736422E-6 2.899508914572946E-6 1.982968762677469E-6 0.5566021561024264 2.262213768971207E-4 1.8719040418094878E-6 1.9553806715053448E-6 3.2986487158048374E-6 1.011774290510422E-6 0.008420850033760594 0.40918428068197354 1.2365572369050865E-6 3.1940611607227404E-6 
Dutch/CKTAUS_pharma4.nl,0.03555123303374929 2.1709943964157967E-6 2.252161209542904E-6 7.933876185445654E-7 2.7760515616029264E-6 8.716156457189938E-7 1.6241729031071405E-6 2.1425457688675322E-6 1.7143583161091542E-6 1.211368727978013E-6 4.504600830642556E-7 0.003310622238072182 0.012003567693319438 1.7724159124070746E-6 4.708272514263103E-6 1.6421733081723207E-6 6.2848571071415E-7 1.899576631009544E-6 2.596910665789715E-6 1.77602238221896E-6 0.41589987583508314 6.217178990829552E-7 1.676548586237374E-6 1.751313436557994E-6 4.0693592970470486E-4 9.061836068834179E-7 0.011581849497674398 0.5212059608048529 1.107507778727159E-6 2.8607228809597383E-6 
Dutch/CKTAUS_pharma5.nl,1.509690012380446E-4 2.4185094646451408E-6 2.5089301060282227E-6 8.838417398728292E-7 3.0925491964253463E-6 9.709885443207007E-7 1.809344853616322E-6 2.3868174091081793E-6 1.909812305433976E-6 1.3494768750332886E-6 5.018170365314406E-7 1.2743949733409389E-5 0.01509724572550206 1.9744890482081084E-6 5.245062657311903E-6 1.8293974848388887E-6 0.007276338211838805 2.1161473601682324E-6 2.892984447320263E-6 1.9785066916384193E-6 0.0098268491308665 6.925999559251921E-7 1.8676918883101252E-6 1.950980679115721E-6 3.2912261052323353E-6 1.0094975986912094E-6 0.39108546275586653 0.5765032899048751 1.2337747390973693E-6 3.1868738927886903E-6 
Dutch/CKTAUS_pharma7.nl,0.30270477136812207 2.385232552161769E-6 2.4744090719840375E-6 0.005992809638365095 3.0499979926924845E-6 9.576284556859192E-7 1.7844495984080219E-6 2.353976556013426E-6 1.8835346919382942E-6 1.3309090651796248E-6 4.949124029745187E-7 0.00496886296237411 0.03049814722863746 1.9473215302731566E-6 5.172894450584302E-6 1.8042263201648578E-6 0.004291213981802197 3.7195974416242547E-4 2.8531791078429754E-6 1.9512838938830765E-6 7.494836085647694E-5 6.830702896343506E-7 1.8419938207930235E-6 1.924136619059413E-6 3.2459412532737858E-6 9.956076537747645E-7 0.007990399300472066 0.6430633928861257 1.2167989055861441E-6 3.1430248505682028E-6 
Dutch/CKTAUS_pharma8.nl,0.296675379013785 2.4622803363227936E-6 7.891840587105681E-5 8.998377588857228E-7 3.1485190307437007E-6 9.885617709692754E-7 1.8420908910273774E-6 7.879408314384115E-5 1.9443766313427925E-6 1.3739000910647E-6 5.108990638845568E-7 0.012613045885113604 0.03690514726820456 2.0102239121900146E-6 5.339989292030752E-6 1.86250644046915E-6 0.007331663380435841 2.1544459965419864E-6 2.945342502089207E-6 2.0143142680730185E-6 0.007026499570454347 7.051348267776398E-7 0.0015291828626046169 1.986290081952267E-6 3.3507916507140447E-6 7.73918362080347E-5 0.00840123332312023 0.6292427042117267 1.2561039449878594E-6 3.244550842270706E-6 
Dutch/CKTAUS_pharma9.nl,0.010550147934622235 2.4296259784131323E-6 2.520462232106002E-6 0.41059034330230476 3.106763887838719E-6 9.754516269256252E-7 1.8176613838058042E-6 7.774912893851086E-5 1.9185906274120342E-6 1.3556796534305583E-6 5.041236043068257E-7 0.001971937384265146 0.020441233033593523 1.9835646524222E-6 5.269171230007747E-6 1.8378061855798318E-6 7.033575085838619E-7 2.12587408714958E-6 2.906281852978313E-6 1.987600762676462E-6 0.014769854717117415 6.957834443747121E-7 1.8762766066642504E-6 1.959948228714977E-6 3.3063540015036675E-6 1.0141376855375313E-6 0.010022898380699268 0.531531100635377 1.2394457005197957E-6 3.2015221412342405E-6 
Dutch/CKTAUS_software11.nl,0.05889604601166467 4.323234392596475E-4 2.056383277515418E-6 0.06055587435449547 2.534732409301835E-6 7.958470426906608E-7 1.482985313658368E-6 1.9562965882468166E-6 1.5653310064921426E-6 1.1060657578880364E-6 4.1130207645728254E-7 0.004436811556791161 0.02989512191896972 1.6183417188931502E-6 6.577629706845403E-5 1.4994209630282694E-6 0.10395870435002498 1.73444849410221E-6 1.8680309277398417E-4 1.6216346821946233E-6 0.04555549569962632 5.676726362166978E-7 0.016846313632650115 1.5990736583891558E-6 0.004060200005291116 0.037809372801063154 0.05096564427185294 0.5863113397561722 1.0112333283437583E-6 2.6120433426722994E-6 
Dutch/CKTAUS_software1.nl,0.029674205595842773 2.5178472505913352E-6 0.005859166683876336 0.030533091991314616 0.042717025199418876 1.010870898961843E-6 0.0035158164830601875 0.010700458109220481 1.9882558793657592E-6 0.021631613604818068 5.224286545911731E-7 0.06060908671155315 0.21179480097282108 2.055589152752368E-6 5.460498205174387E-6 0.020851239277399465 0.09909363445554886 2.20306593401216E-6 0.003048420255870421 0.0019542446724999567 0.023895771145094693 7.210477859518302E-7 0.0034377898306119235 0.06200342356090026 8.151380585589166E-5 0.012026509949881643 0.01468164300856815 0.2994680068170199 0.04232465309757803 8.140516748377228E-5 
Dutch/CKTAUS_undef1.nl,1.0544733768340484E-6 2.668061833314826E-6 2.76781247136058E-6 9.750403905040197E-7 3.4116519282844963E-6 1.0711793828220971E-6 1.9960409573781107E-6 2.6330996530821064E-6 2.106875079635478E-6 1.4887217924307625E-6 5.535967098946777E-7 0.04908248695170344 0.13125837231094395 2.1782254511851308E-6 5.786271128515943E-6 2.0181627066640154E-6 7.723828031562604E-7 2.3345006864230743E-6 3.1914952168281508E-6 2.1826576526104223E-6 1.0892887943003146E-6 7.64065444098095E-7 0.03301774806820201 2.152291385904109E-6 0.7865879087569704 1.1136619695991867E-6 1.2848963986842432E-6 3.012668503099703E-6 1.3610810048149388E-6 3.515709458753154E-6 
Dutch/CKTAUS_undef5.nl,1.023641723470667E-6 2.590050610457962E-6 2.686884648461867E-6 9.465312711694242E-7 0.006188466178282278 1.0398592640341486E-6 1.9376788931961157E-6 2.556110686306283E-6 0.43697917877388 1.4451931882316252E-6 5.374101448873875E-7 0.007725009037869478 0.06701485785446233 2.1145365107778625E-6 5.6170868611648085E-6 1.959153826620417E-6 7.497991710097102E-7 0.33576778426382725 3.0981793717837093E-6 2.1188391194595307E-6 1.05743917603938E-6 7.417250024739554E-7 0.14410806220515615 2.0893607293270576E-6 0.0021723449994133803 1.0810997062315205E-6 1.247327427060672E-6 2.924581356447194E-6 1.321284478262575E-6 3.4129139422991643E-6 
Dutch/CKTAUS_undef6.nl,6.763468404214533E-6 1.711314131447766E-5 1.7752949111947427E-5 6.253979492404763E-6 5.526219437755637E-4 6.870621933306021E-6 1.280275087577637E-5 1.6888891365127195E-5 0.8921863809726216 9.54876910785745E-6 3.55080928386401E-6 9.017496763215446E-5 0.03358463272161558 1.3971295378342337E-5 3.7113560963896586E-5 1.2944641373562469E-5 4.954119089085512E-6 0.07325700559574413 2.0470480844217764E-5 1.3999723838424542E-5 6.986777006580213E-6 4.90077094731895E-6 1.3215608904488816E-5 1.3804952410397844E-5 2.328840066995685E-5 7.143108313435244E-6 8.241418309945245E-6 1.932347338561009E-5 8.730071876524178E-6 2.2550014410100506E-5 
Dutch/CSTAUS_business10.nl,1.5655069961428246E-6 0.001109589925070036 4.109188418711756E-6 1.4475780862659966E-6 5.065054347952581E-6 1.5903093001425873E-6 2.9633902116571252E-6 3.909189192445603E-6 3.1279383146412027E-6 2.2102069455352707E-6 8.218884814179252E-7 0.009480141236804102 0.05580710116984613 3.233867500045332E-6 0.326906181183193 2.9962329121319154E-6 1.1467057477277868E-6 3.4658790230137003E-6 0.6065035751917649 3.2404476968450273E-6 1.6171951476073167E-6 1.134357513925921E-6 3.0589524430058096E-6 1.2604301266542017E-4 5.390452353570019E-6 1.6533803916228276E-6 1.907600841946598E-6 4.472710001291924E-6 2.0207070962306825E-6 5.219541692563526E-6 
Dutch/CSTAUS_business11.nl,1.6297757268723153E-6 4.12371000469108E-6 4.277882857414114E-6 1.5070054835662722E-6 0.00601614576215573 1.6555962394148436E-6 3.0850462170462094E-6 4.069673066487008E-6 3.256349510360824E-6 2.300942531763272E-6 8.556294545544641E-7 0.003602674713226045 0.03264785799722101 3.366627404719883E-6 0.28021792707369475 3.1192372083165337E-6 1.1937814382920933E-6 3.6081636925935076E-6 0.6736063559385708 3.373477738221177E-6 1.6835858310949628E-6 1.180926272668682E-6 3.1845315629702937E-6 0.003328490205393381 5.611746497687747E-6 1.7212565872862377E-6 1.985913545213004E-6 4.6563280850260614E-6 5.136673033376532E-4 5.433819444369952E-6 
Dutch/CSTAUS_business12.nl,1.6927744522462604E-6 4.283111368832071E-6 4.443243749021781E-6 1.5652585444204905E-6 0.0029278361055604645 1.7195930526556406E-6 3.204298195210472E-6 4.226985641248064E-6 3.382223190488884E-6 2.3898851048239034E-6 8.887036770628462E-7 0.016892552340431976 0.02886214433370773 3.4967638595763873E-6 0.35348192831570735 3.23981083389141E-6 1.239926872751229E-6 3.7476366948145956E-6 0.5977604325122426 3.5038789916458844E-6 1.7486645776168308E-6 1.226574792714753E-6 3.30762913159419E-6 3.45513120756728E-6 5.828667679324493E-6 1.78779149098654E-6 2.062678722156318E-6 4.836317717613421E-6 2.184979917943437E-6 5.643862883637768E-6 
Dutch/CSTAUS_business13.nl,1.6749748942783274E-6 4.238074365236303E-6 4.3965229501749985E-6 1.5487998188299405E-6 5.4192276954870015E-6 1.701511496556195E-6 3.1706049341877123E-6 4.1825388008251265E-6 3.3466590445037484E-6 0.0018424933326470932 8.793589397322439E-7 0.00619990636593465 0.03342185525017392 3.4599953161144327E-6 0.34884499432520993 3.2057441567469947E-6 1.2268890163384937E-6 3.7082302183619364E-6 0.609613379606654 3.467035632424776E-6 1.7302773338381578E-6 1.2136773336965355E-6 3.272849343663134E-6 3.4188004322922277E-6 5.767379119530668E-6 1.7689928269139781E-6 2.040989613228945E-6 4.7854637379519425E-6 2.162004809442363E-6 5.584517550048245E-6 
Dutch/CSTAUS_business14.nl,1.4146593792056303E-6 3.579415829474656E-6 3.713239194571697E-6 1.3080937497655877E-6 4.577000714255299E-6 1.4370718066592425E-6 2.6778467087632534E-6 3.5325113013279227E-6 2.8265394439541233E-6 1.9972379511497523E-6 7.426937418763635E-7 0.011230912803939294 0.048764538023493315 2.922261606827097E-6 0.26099324208173763 3.357387617150137E-4 1.0362125785505733E-6 3.131917186686953E-6 0.6786109320963759 2.928207755354471E-6 1.461367013501232E-6 1.0250541839809718E-6 2.7642008465654593E-6 2.887469008458345E-6 4.871044331917624E-6 1.4940655545882479E-6 1.7237900753489268E-6 4.0417329142470265E-6 1.8259977460038843E-6 4.716602115948752E-6 
Dutch/CSTAUS_business15.nl,1.507005267619651E-6 3.8130723121833465E-6 0.004497718996405028 1.3934832655928973E-6 4.875777369217184E-6 0.00449529424575905 2.8526507195323783E-6 0.00331495716440117 3.011049793177401E-6 0.0027220370184514535 7.911751745245664E-7 0.015630007223090384 0.05171126717676473 3.1130204907162812E-6 0.24373580356236874 2.884266114890118E-6 1.103854282665785E-6 3.336361930980206E-6 0.6738325520325352 3.119354790890952E-6 1.5567618747267622E-6 1.0919674923601138E-6 2.944641867692547E-6 3.0759567071747434E-6 5.189015514908403E-6 1.5915949054802717E-6 1.8363153434716006E-6 4.305568451044523E-6 1.945194908639186E-6 5.02449164688115E-6 
Dutch/CSTAUS_business16.nl,1.6083831776891771E-6 4.069581901273042E-6 0.0017711926024051138 1.4872244251084197E-6 5.203776302118249E-6 1.6338647683939381E-6 3.0445516865152695E-6 4.016254255666212E-6 3.213606440925394E-6 2.270740200567198E-6 8.443984030132651E-7 0.011001905855791798 0.05481130466174101 3.3224368199975393E-6 0.3067044841532252 3.078293884463721E-6 1.178111780368306E-6 3.560802685810844E-6 0.6224834635025132 3.329197235546362E-6 1.6614869667531483E-6 1.1654253525401152E-6 3.1427311808914438E-6 0.003158588007098112 5.538086324097192E-6 1.6986632539869462E-6 1.9598463063353216E-6 4.59520879975918E-6 2.076050320198035E-6 5.362494753616913E-6 
Dutch/CSTAUS_business17.nl,1.4745709167188057E-6 0.0022022544308165893 3.870496745450055E-6 1.3634921791767991E-6 4.770839000715406E-6 1.4979325217680188E-6 1.185030140726479E-4 3.6821149348641206E-6 2.9462448136128026E-6 2.0818219847283774E-6 7.741471960656059E-7 0.01471505335946992 0.03312584162116329 3.0460208583149317E-6 0.22738169833675018 2.8221898227418314E-6 1.0800967033681794E-6 3.26455545762092E-6 0.7175330818122283 3.0522188292285238E-6 1.523256642861382E-6 1.0684657451661798E-6 2.881266145214206E-6 0.001970109661286086 5.077335513745363E-6 1.5573399836392329E-6 1.7967934536053227E-6 1.1992466154615466E-4 1.9033296706118529E-6 0.0027819985735477045 
Dutch/CSTAUS_business18.nl,1.507183502514598E-6 3.81352328774235E-6 3.956099211735097E-6 1.393648074136563E-6 4.876354031877798E-6 1.531061788274353E-6 2.8529881051488986E-6 3.763551024415128E-6 3.011405912797616E-6 2.127864936829723E-6 7.912687475379764E-7 0.006879807939319263 0.04059991691640933 3.1133886705044025E-6 0.32501675040819067 2.884607239688439E-6 1.1039848365240461E-6 0.0013043168436828857 0.6237653780123141 3.1197237198425637E-6 1.5569459943812591E-6 1.092096640356785E-6 2.9449901331865178E-6 3.0763205033951972E-6 5.189629224531752E-6 1.5917831448692582E-6 1.8365325261712003E-6 4.306077674573497E-6 1.9454249686248024E-6 0.002370443426184153 
Dutch/CSTAUS_business19.nl,1.5194031846561315E-6 3.844441913336248E-6 3.988173789785559E-6 1.404947253337169E-6 4.915889693049592E-6 1.543475066657872E-6 2.8761190694543937E-6 3.794064493521622E-6 3.035821269648409E-6 2.145116872725247E-6 7.976840596531313E-7 0.022554692430853337 0.04247907348791796 3.138630865547768E-6 0.3097673930634802 2.907994560152968E-6 1.1129355341457287E-6 3.363809703932785E-6 0.6210726973528806 3.145017277105018E-6 1.569569132261372E-6 1.1009509529144344E-6 2.9688670156480437E-6 0.002864616786938069 0.0011975298401269289 1.6046887293824254E-6 1.8514224474548118E-6 4.3409897475707475E-6 1.961197749249813E-6 5.065827421829645E-6 
Dutch/CSTAUS_business1.nl,1.9281536501582866E-6 4.878675247543605E-6 5.0610739321182725E-6 1.7829067374338872E-6 6.238364346705148E-6 1.958701359690921E-6 3.649853796583567E-6 4.8147452736682955E-6 3.852519147921559E-6 2.7221970902327627E-6 1.01227735128208E-6 0.014550993802179276 0.01456749385575083 3.982986623313557E-6 0.8217483976113834 3.6903044448128925E-6 1.4123379062415273E-6 4.26874316479977E-6 0.14889002141179994 3.991091109917165E-6 1.991815261484042E-6 1.3971292280709806E-6 3.7675528331552476E-6 1.5524063165898804E-4 6.639140168104447E-6 2.0363827469710314E-6 2.349492870684551E-6 5.508804583012994E-6 2.48879996901814E-6 6.428638384540031E-6 
Dutch/CSTAUS_business20.nl,1.4134041585783905E-6 3.5762398306097223E-6 3.7099444548630333E-6 1.3069330843211672E-6 4.5729395630044236E-6 1.4357966995903194E-6 0.0015554422567639545 3.5293769206306594E-6 2.8240314687723164E-6 1.995465811290052E-6 7.420347532051481E-7 0.022533962823564773 0.03763007814853201 2.91966869781946E-6 0.2627580784423182 2.705122409871576E-6 1.0352931519932544E-6 3.129138251267358E-6 0.6754578297957662 2.925609570357155E-6 1.4600703494093114E-6 1.0241446582147807E-6 2.761748184128519E-6 2.884906970759936E-6 4.866722277144937E-6 1.4927398772342966E-6 1.7222605645059532E-6 4.038146703602733E-6 1.8243775467744665E-6 4.712417097029395E-6 
Dutch/CSTAUS_business21.nl,1.4384521713312362E-6 3.6396171033739716E-6 0.0018098151771851986 1.3300942419875764E-6 4.6539801116662695E-6 1.4612415476357678E-6 2.7228847235832016E-6 3.5919237000362563E-6 2.8740782836305616E-6 0.0037269872688078477 7.551849168356497E-7 0.023836324102907452 0.03976435653704174 1.1584887824643165E-4 0.24371034643846984 2.7530619466340992E-6 1.0536403713053467E-6 3.1845920960487375E-6 0.6869766231330522 2.977456528202432E-6 1.4859453693107956E-6 1.0422943065683871E-6 2.8106912294113187E-6 2.936032606803804E-6 4.9529691732805015E-6 1.5191938587474494E-6 1.7527820571177041E-6 4.109709780247022E-6 1.8567087322887178E-6 4.7959294334172E-6 
Dutch/CSTAUS_business2.nl,1.888717050773628E-6 4.778891518560474E-6 5.977992333612398E-4 1.746440878637511E-6 6.110770845255535E-6 1.918639966850171E-6 3.575203199118668E-6 4.716269106853868E-6 3.773723428376161E-6 2.666519890397169E-6 9.915732044079977E-7 0.024183479812285986 0.03027626954573322 3.9015224475694844E-6 0.6862246014467265 3.6148265087129537E-6 1.383451305736613E-6 4.1814343997268265E-6 0.25863289661787053 3.9094611728026855E-6 1.9510765887600363E-6 1.3685536912347386E-6 3.69049493285281E-6 3.85507071880303E-6 6.503349583652509E-6 1.9947325337841648E-6 2.301438604319061E-6 5.396132794947339E-6 2.4378964493123E-6 6.297153201012706E-6 
Dutch/CSTAUS_business3.nl,2.0001813940065907E-6 5.060922119321839E-6 5.250134454732753E-6 1.8495086650234031E-6 6.471403507852903E-6 2.0318702380111527E-6 3.7861970461593976E-6 4.994603989408165E-6 1.6095362332187797E-4 2.823886970965964E-6 1.050091792966019E-6 0.018233701784310153 0.021860833585271425 4.1317743198914205E-6 0.6626842327144982 3.828158761169589E-6 1.4650969345117397E-6 4.428205528809586E-6 0.29696905764889325 4.140181556167005E-6 2.066221136469958E-6 1.4493201238298397E-6 3.90829282572751E-6 4.082581200382045E-6 6.887150635196608E-6 2.1124534765334257E-6 2.437260082934047E-6 5.7145904473205665E-6 2.581771110941082E-6 6.668785386734079E-6 
Dutch/CSTAUS_business4.nl,1.5791635507984218E-4 5.02777799125157E-6 5.215751169503082E-6 1.837396178283769E-6 6.429022095611886E-6 2.018563459957071E-6 3.761401130150717E-6 4.961894180724645E-6 3.970260367821736E-6 2.8053932519924347E-6 1.0432147108748472E-6 0.01873800582583284 0.014388990514194256 4.104715208135265E-6 0.6332396812075026 3.803088036652982E-6 1.4555019715212164E-6 4.3992050803324214E-6 0.33260315331748436 4.113067385172777E-6 2.052689393369783E-6 1.439828483637307E-6 3.882697300861109E-6 4.055844255814943E-6 6.842046482769388E-6 2.098618956476024E-6 2.421298394841494E-6 5.67716542611109E-6 7.822112276794516E-4 6.625111314752772E-6 
Dutch/CSTAUS_business5.nl,1.6736550055337082E-6 4.2347347410588646E-6 1.3572724036380247E-4 1.5475793566871793E-6 5.307516849008578E-4 1.700170696833873E-6 3.1681064813568286E-6 4.179242938955196E-6 3.344021860137578E-6 2.36289197478808E-6 8.786660004105874E-7 0.01932843899776189 0.029849495746878923 3.4572688221891955E-6 0.6444660145054859 0.0013165450369749955 1.225922221547065E-6 3.7053081140698704E-6 0.3037810282513282 3.974668492789841E-4 1.7289138664895998E-6 1.2127209497782942E-6 3.2702703217170185E-6 3.416106400145181E-6 5.762834395420579E-6 1.7675988515597613E-6 2.039381303022274E-6 1.361158746642584E-4 2.160301138644942E-6 5.5801169217859255E-6 
Dutch/CSTAUS_business6.nl,1.697735846367206E-6 4.295664844894095E-6 4.456266561000702E-6 1.5698461990426068E-6 5.492868669066399E-6 1.724633050069675E-6 3.213689751307256E-6 4.239374617039836E-6 3.3921362313141107E-6 2.3968896776381224E-6 8.913084004462783E-7 0.013345019427202138 0.030012527828294725 3.507012610455287E-6 0.3698386988836556 3.249306474851087E-6 1.2435610048050932E-6 1.369824618020947E-4 0.5865897106275959 3.514148596439712E-6 1.7537897814757273E-6 1.2301697908300658E-6 3.3173235428643883E-6 3.465257936286261E-6 5.84575106424844E-6 1.793031372874577E-6 2.0687242777658834E-6 4.8504925997185655E-6 2.1913839291245388E-6 5.660404619657677E-6 
Dutch/CSTAUS_business7.nl,1.6811620027668265E-6 4.2537291824933355E-6 4.412763052971661E-6 1.5545208553295336E-6 0.0018523649844150618 1.7077966273122338E-6 3.1823166779093647E-6 4.197988477955488E-6 3.3590211059609633E-6 0.0010577596269821428 8.826071610512858E-7 0.009520889575829045 0.04277993931406713 3.472776024926025E-6 0.29182349188068896 3.2175856995378263E-6 1.2314209621445858E-6 3.7219278700340355E-6 0.6502548716054494 3.4798423471191755E-6 1.7366687213247505E-6 1.2181604775091764E-6 3.2849387630478233E-6 3.4314289733213358E-6 5.788682961414349E-6 1.7755272236818824E-6 2.0485287257279345E-6 4.803140530252309E-6 2.169990934102721E-6 0.0026440704872103724 
Dutch/CSTAUS_business8.nl,1.5964948467225143E-6 4.039501670884295E-6 4.19052623261905E-6 1.476231636553645E-6 5.165312697291854E-6 1.6217880907770135E-6 1.283013581395255E-4 3.986568195466163E-6 3.1898531354343416E-6 2.2539560713757734E-6 8.381570496952292E-7 0.023699075136148287 0.05390505079707406 3.297879097012208E-6 0.27161430503617867 3.0555407389329792E-6 1.169403791528939E-6 3.5344830864621853E-6 0.6504550105169336 3.3045895430894327E-6 1.6492061202287914E-6 1.1568111351694493E-6 3.119501748417916E-6 3.258614377309159E-6 5.497151673663077E-6 1.6861076197049964E-6 1.9453601429280534E-6 4.561243409029997E-6 2.060705237227558E-6 1.3060216817842478E-4 
Dutch/CSTAUS_business9.nl,1.6556076616773617E-6 4.189070781784334E-6 4.345687273232981E-6 1.5308915108033078E-6 5.3565667901476934E-6 1.6818374291778783E-6 3.133944179775247E-6 4.134177358456735E-6 0.003121339486235345 2.3374124561158294E-6 8.691911759145834E-7 0.00937616821090678 0.027189099249911437 3.4199884274653276E-6 0.2610143070309994 3.1686770980376425E-6 1.2127028664229541E-6 3.6653530639506824E-6 0.6992235800717997 3.4269473387086262E-6 1.7102706557063875E-6 1.1996439465069633E-6 3.235006367793366E-6 3.3792698677359074E-6 5.700692643639321E-6 1.7485384931413849E-6 2.0173902621517514E-6 4.730130855272328E-6 2.1370061959276707E-6 5.519945447669028E-6 
Dutch/CSTAUS_electronics1.nl,1.2979497686363125E-6 3.2841134876782747E-6 3.406896405120473E-6 1.2001758195787274E-6 4.199397470118763E-6 1.3185131674696975E-6 2.4569239543970518E-6 3.2410785901255974E-6 2.5933495166742855E-6 1.8324655211787727E-6 0.9331690414441044 0.011322881183021473 0.05523221611374368 2.681174586779931E-6 7.122312841195803E-6 2.484153583895786E-6 9.507248856915513E-7 2.8735335499143756E-6 3.928406889440057E-6 2.686630177163615E-6 1.3408040161100528E-6 9.40487060344435E-7 2.53615386290273E-6 2.6492523829853077E-6 4.4691824453034666E-6 1.3708049226621792E-6 2.0528565048745647E-4 3.708289343744676E-6 1.6753526585933494E-6 4.327481735273155E-6 
Dutch/CSTAUS_electronics2.nl,1.35899123574282E-6 3.4385625351500973E-6 3.5671198281478022E-6 1.256619061515441E-6 4.396891540177211E-6 1.3805217136295069E-6 2.5724709858535064E-6 2.166776053771815E-4 2.715312525600332E-6 1.9186448068011774E-6 0.8735057517100919 0.015907784528364333 0.09782050903783182 0.00256221648754156 2.2074137075433546E-4 5.358112352865195E-4 9.954366636352014E-7 3.0086733742011295E-6 4.113156504345935E-6 2.8129800957425018E-6 1.4038608818095974E-6 9.847173621213882E-7 0.0012823600368131426 2.7738444558840445E-6 0.0077895490739127654 1.4352727053284036E-6 1.6559573555968572E-6 1.1052473783580468E-4 1.7541430607125095E-6 4.530999498734235E-6 
Dutch/CSTAUS_electronics3.nl,2.0852792840792446E-6 5.27623948776992E-6 5.4735018783245504E-6 1.928196170834721E-6 6.746729928735128E-6 0.0019657376851554198 0.009494774230436202 0.014077812576410208 4.166461718452757E-6 2.944029485916321E-6 0.03927348214449359 0.003136866302754928 0.7272393532024373 0.17656641580765903 1.1442670418656818E-5 0.002785785133938331 1.527429610064291E-6 4.616603915295385E-6 6.3113578845121665E-6 0.015058731486912155 2.154128693086563E-6 1.5109815736100045E-6 4.074571481379482E-6 4.256274969979049E-6 0.010316181851372844 2.202327992049015E-6 2.540953523557716E-6 5.95771819121094E-6 2.6916127857261515E-6 6.952509436692194E-6 
Dutch/CSTAUS_hardware10.nl,1.0785701910383758E-6 2.7290323534772925E-6 0.23715569661488903 9.973220029637225E-7 2.5740060591671315E-4 1.0956579624946047E-6 2.041654463750911E-6 0.5913613912064777 2.1550213661715423E-6 4.2470772697249427E-4 5.662474959225912E-7 0.01364093671515949 0.05681503497415003 0.003218433887671431 5.918498933772003E-6 0.0018640782154123647 7.900332866214329E-7 2.3878486708639037E-6 3.2644272310102506E-6 2.2325357216845967E-6 1.1141812100480868E-6 7.815258593640143E-7 2.1074929265465134E-6 2.201475525379892E-6 1.7298779482785318E-4 1.139111360885317E-6 1.3142588372920948E-6 3.081513971153514E-6 1.392184413218228E-6 0.09505094366473942 
Dutch/CSTAUS_hardware11.nl,1.1666476574434482E-6 2.9518887400424942E-6 0.4225912426751187 1.0787646350157994E-6 0.004489654313068875 1.1851308388867865E-6 2.2083786639336223E-6 0.3886265756642475 2.331003257344014E-6 1.6470911735476635E-6 6.124880143547421E-7 0.007522536914605069 0.10622187452244165 9.395850979081894E-5 0.01062603546155201 2.2328537123795475E-6 8.545484483044173E-7 2.5828435472621975E-6 3.5310046704389273E-6 2.770605453869422E-4 1.2051667193014959E-6 8.453462933003164E-7 2.769252914319932E-4 2.3812509245512357E-6 4.01707474086513E-6 1.2321326991845166E-6 1.4215829498542278E-6 3.333154472185475E-6 1.5058720312367118E-6 0.059235811878167045 
