English/CKTAUS_electronics1.en, 0.013092307027774176 0.019701092825363913 4.319467841561919E-6 0.00972312211135588 0.024884454235238215 0.0014297438555569953 0.0037622564900004316 0.011666882640058744 0.03356658459677768 4.319467841561919E-6 0.01918275668437648 4.319467841561919E-6 0.009593538076109022 4.319467841561919E-6 4.319467841561919E-6 4.319467841561919E-6 4.319467841561919E-6 0.005706017018703295 4.319467841561919E-6 0.01983067686061077 0.05300418988380631 0.0289015593278908 0.014128979309749037 4.319467841561919E-6 0.0029847522785192864 4.319467841561919E-6 0.7145306898190142 4.319467841561919E-6 4.319467841561919E-6 0.014258563344995895 
English/CKTAUS_hardware1.en, 0.0025535533064538272 2.7428069886722098E-6 2.7428069886722098E-6 0.0023889848871334945 2.7428069886722098E-6 2.7428069886722098E-6 0.3639458021339042 0.24989988754491368 0.07422309992045867 2.7428069886722098E-6 0.004199237499657153 2.7428069886722098E-6 0.25105186648015604 2.7428069886722098E-6 2.7428069886722098E-6 2.7428069886722098E-6 0.025922268849941057 0.0014015743712114993 2.7428069886722098E-6 0.011851668998052617 2.7428069886722098E-6 0.0028826901450944922 2.7428069886722098E-6 2.7428069886722098E-6 2.7428069886722098E-6 2.7428069886722098E-6 2.7428069886722098E-6 2.7428069886722098E-6 2.7428069886722098E-6 0.009629995337228128 
English/CKTAUS_industrial1.en, 2.7221995372260814E-6 2.7221995372260814E-6 2.7221995372260814E-6 2.7221995372260814E-6 0.8022077038246912 2.7221995372260814E-6 2.7221995372260814E-6 2.7221995372260814E-6 2.7221995372260814E-6 2.477201578875734E-4 2.7221995372260814E-6 2.7221995372260814E-6 2.7221995372260814E-6 2.7221995372260814E-6 2.7221995372260814E-6 2.7221995372260814E-6 2.7221995372260814E-6 2.7221995372260814E-6 2.7221995372260814E-6 2.7221995372260814E-6 0.006617667074996604 0.004412685449843478 2.7221995372260814E-6 4.110521301211383E-4 0.016907581325711192 2.7221995372260814E-6 0.16913297944739367 2.7221995372260814E-6 2.7221995372260814E-6 2.7221995372260814E-6 
English/CKTAUS_industrial2.en, 2.4509803921568654E-4 2.6933850463262255E-6 2.6933850463262255E-6 2.6933850463262255E-6 0.8007460676578332 2.6933850463262255E-6 2.6933850463262255E-6 2.6933850463262255E-6 7.299073475544071E-4 2.6933850463262255E-6 2.6933850463262255E-6 2.6933850463262255E-6 2.6933850463262255E-6 2.6933850463262255E-6 2.4509803921568654E-4 2.6933850463262255E-6 2.6933850463262255E-6 2.6933850463262255E-6 2.6933850463262255E-6 2.6933850463262255E-6 0.009698879551820739 0.01091090282266754 0.0035579616461969437 2.6933850463262255E-6 0.014062163326869223 2.6933850463262255E-6 0.1595049558284854 2.6933850463262255E-6 2.4509803921568654E-4 2.6933850463262255E-6 
English/CKTAUS_industrial3.en, 2.5883936429052157E-6 2.5883936429052157E-6 2.5883936429052157E-6 2.5883936429052157E-6 0.8077367085986444 2.5883936429052157E-6 2.5883936429052157E-6 2.5883936429052157E-6 8.024020293006169E-5 2.5883936429052157E-6 2.5883936429052157E-6 2.5883936429052157E-6 2.5883936429052157E-6 2.5883936429052157E-6 2.5883936429052157E-6 4.68499249365844E-4 2.5883936429052157E-6 8.024020293006169E-5 2.5883936429052157E-6 0.0031863125744163202 0.009631412745250307 0.010485582647409028 0.0015556245793860346 1.5789201221721815E-4 0.018250763576124675 2.5883936429052157E-6 0.14800693689496314 2.5883936429052157E-6 3.131956307915311E-4 2.5883936429052157E-6 
English/CKTAUS_industrial4.en, 2.880267288804404E-6 2.880267288804404E-6 2.880267288804404E-6 2.880267288804404E-6 0.7893401307641358 2.880267288804404E-6 5.213283792735972E-4 2.880267288804404E-6 2.880267288804404E-6 2.880267288804404E-6 2.880267288804404E-6 2.880267288804404E-6 2.880267288804404E-6 2.880267288804404E-6 2.880267288804404E-6 2.880267288804404E-6 2.880267288804404E-6 3.485123419453329E-4 2.621043232812008E-4 2.880267288804404E-6 0.008989314208358546 0.015988363720153248 0.0014718165845790507 2.880267288804404E-6 0.01279126702958036 2.880267288804404E-6 0.1702266770356291 2.880267288804404E-6 2.880267288804404E-6 2.880267288804404E-6 
English/CKTAUS_industrial5.en, 2.838812240958386E-6 2.838812240958386E-6 2.838812240958386E-6 2.838812240958386E-6 0.7471498325100786 2.838812240958386E-6 2.838812240958386E-6 0.0016209617895872387 0.004090728439221035 2.838812240958386E-6 2.838812240958386E-6 2.838812240958386E-6 2.838812240958386E-6 2.838812240958386E-6 6.84153750070971E-4 2.838812240958386E-6 2.838812240958386E-6 0.0010248112189859774 2.838812240958386E-6 5.989893828422195E-4 0.009285754840174881 0.02061261568159884 0.0035797422358485246 2.838812240958386E-6 0.019675807642082575 2.838812240958386E-6 0.19043036393572949 2.838812240958386E-6 2.838812240958386E-6 0.0011951399534434804 
English/CKTAUS_legal2.en, 5.730695434503618E-4 0.003584543640961132 0.010598609893391283 0.0030508646869718816 1.270664176164882E-6 0.41840557059174854 0.004118222594950383 2.2999021588584366E-4 0.0015641876008589699 1.270664176164882E-6 0.002059746629563274 4.587097675955224E-4 4.587097675955224E-4 1.270664176164882E-6 1.270664176164882E-6 0.10437362609435957 0.0023647060318428455 1.270664176164882E-6 0.004651901548939633 0.001068628572154666 0.005719259456918134 0.003889503043240704 1.270664176164882E-6 0.3634747582561407 9.542687962998265E-4 1.270664176164882E-6 0.003127104537541775 1.270664176164882E-6 2.681101411707901E-4 0.06499574327500988 
English/CKTAUS_legal3.en, 3.462259459045872E-4 1.9128505298595978E-6 0.31608133440452985 1.9128505298595978E-6 1.9128505298595978E-6 0.30081678717625027 1.9128505298595978E-6 1.7406939821722341E-4 1.9128505298595978E-6 1.7406939821722341E-4 1.9128505298595978E-6 1.9128505298595978E-6 0.0012643942002371943 1.9128505298595978E-6 1.9128505298595978E-6 0.10145950495428294 0.003100730708902408 0.0010922376525498306 0.036040016833084686 1.1668388232143547E-4 0.0028711886453192566 1.9128505298595978E-6 1.9128505298595978E-6 0.20073644745399608 1.9128505298595978E-6 1.9128505298595978E-6 1.9128505298595978E-6 1.9128505298595978E-6 0.0025268755499445288 0.03317074103829529 
English/CKTAUS_legal4.en, 3.034717164360285E-6 3.034717164360285E-6 0.8980365379946599 3.034717164360285E-6 0.0020059480456421485 0.042519422189851955 3.034717164360285E-6 5.492838067492116E-4 0.003826778344258319 9.407623209516885E-5 3.034717164360285E-6 3.034717164360285E-6 0.0047371934935664045 3.034717164360285E-6 3.034717164360285E-6 0.005829691672736108 3.034717164360285E-6 3.034717164360285E-6 0.021033624666181135 3.034717164360285E-6 0.003280529254673468 3.034717164360285E-6 3.034717164360285E-6 0.008560937120660365 0.00947135226996845 3.034717164360285E-6 3.034717164360285E-6 3.034717164360285E-6 3.034717164360285E-6 3.034717164360285E-6 
English/CKTAUS_legal5.en, 2.04310961283073E-6 2.472162631525183E-4 0.3580161405659416 2.04310961283073E-6 2.04310961283073E-6 0.32890182858310374 2.04310961283073E-6 2.04310961283073E-6 6.149759934620496E-4 2.04310961283073E-6 2.04310961283073E-6 2.04310961283073E-6 2.04310961283073E-6 0.00257636122177955 2.04310961283073E-6 0.02029012156502198 4.3109612830728397E-4 2.04310961283073E-6 0.011954234344672599 2.04310961283073E-6 0.009747675962815412 3.085095515374402E-4 2.04310961283073E-6 0.18210440290121577 2.04310961283073E-6 2.04310961283073E-6 6.333639799775263E-5 0.0015343753192358781 8.601491470017372E-4 0.08231892941056293 
English/CKTAUS_legal6.en, 1.2602394454946444E-6 6.817895400126027E-4 1.2602394454946444E-6 1.2602394454946444E-6 1.2602394454946444E-6 0.30767611846250803 0.004122243226212982 1.2602394454946444E-6 0.0026099558916194087 1.2602394454946444E-6 1.2602394454946444E-6 1.2602394454946444E-6 1.2602394454946444E-6 1.2602394454946444E-6 1.2602394454946444E-6 0.04510522999369882 0.001853812224322622 1.2602394454946444E-6 0.007487082545683683 1.2602394454946444E-6 0.004462507876496536 0.002194076874606176 1.2602394454946444E-6 0.4450674228103341 1.2602394454946444E-6 3.906742281033398E-5 1.2602394454946444E-6 3.79332073093888E-4 1.2602394454946444E-6 0.17829993698802782 
English/CKTAUS_legal7.en, 1.1121295447601594E-4 1.2221203788573182E-6 0.003337610754659336 1.2221203788573182E-6 1.2221203788573182E-6 0.40506080048884835 0.006564008554842656 1.2221203788573182E-6 0.005317445768408191 1.2221203788573182E-6 3.6785823403605273E-4 1.2221203788573182E-6 1.2221203788573182E-6 8.811487931561264E-4 1.2221203788573182E-6 0.08531744576840823 0.0034476015887564943 1.2221203788573182E-6 0.001467766575007639 1.2221203788573182E-6 0.0016877482432019562 0.0035209288114879333 1.2221203788573182E-6 0.32997372441185474 1.2221203788573182E-6 1.2221203788573182E-6 1.2221203788573182E-6 0.00377757409104797 1.2221203788573182E-6 0.14914879315612595 
English/CKTAUS_legal8.en, 1.217967455909578E-6 1.217967455909578E-6 5.127642989379323E-4 9.146935593880932E-4 3.300691805514957E-4 0.17166155120335186 1.217967455909578E-6 1.217967455909578E-6 0.0032897300984117703 1.217967455909578E-6 1.217967455909578E-6 1.217967455909578E-6 1.217967455909578E-6 1.217967455909578E-6 0.0011704667251291045 0.1802116827438371 0.004312822761375816 0.003326269122089058 1.217967455909578E-6 7.429601481048425E-5 1.217967455909578E-6 0.0041301276429893796 0.0013166228198382539 0.5495846730975348 1.217967455909578E-6 1.217967455909578E-6 1.217967455909578E-6 0.002047403293384001 1.217967455909578E-6 0.0770985579265322 
English/CKTAUS_legal9.en, 1.4055801532082374E-6 1.4055801532082374E-6 0.010922763370581214 2.1224260313444383E-4 2.9657741232693807E-4 0.569725209080048 1.4055801532082374E-6 1.4055801532082374E-6 1.4055801532082374E-6 1.4055801532082374E-6 1.4055801532082374E-6 4.357298474945536E-5 1.4055801532082374E-6 4.230796261156794E-4 1.2790779394194959E-4 0.03613887131913699 4.6524703071192656E-4 1.4055801532082374E-6 0.005145828940895357 1.4055801532082374E-6 1.4055801532082374E-6 0.02909691475156372 1.4055801532082374E-6 0.259330943847073 1.4055801532082374E-6 1.4055801532082374E-6 1.4055801532082374E-6 3.387448169231852E-4 0.0016037669548105988 0.08610724576568983 
English/CKTAUS_pharma12.en, 1.7569751915102952E-6 1.7569751915102952E-6 1.7569751915102952E-6 1.7569751915102952E-6 1.7569751915102952E-6 1.7569751915102952E-6 1.7569751915102952E-6 1.7569751915102952E-6 1.7569751915102952E-6 5.446623093681916E-5 1.7569751915102952E-6 0.2563268676646285 1.07175486682128E-4 0.04828343523789442 1.7569751915102952E-6 1.7569751915102952E-6 0.02308841099163679 2.125939981727457E-4 1.7569751915102952E-6 1.7569751915102952E-6 1.7569751915102952E-6 0.012335722819593782 1.7569751915102952E-6 1.7569751915102952E-6 1.7569751915102952E-6 1.7569751915102952E-6 1.7569751915102952E-6 1.7569751915102952E-6 0.6595526741162412 1.7569751915102952E-6 
English/CKTAUS_pharma16.en, 1.9981616912440546E-6 0.0019202333852855363 1.9981616912440546E-6 0.0015605642808616067 1.9981616912440546E-6 1.9981616912440546E-6 1.9981616912440546E-6 1.9981616912440546E-6 1.9981616912440546E-6 0.007075490548695197 1.9981616912440546E-6 0.27317068297166597 6.19430124285657E-5 0.0173260600247772 1.9981616912440546E-6 0.0010810054749630336 0.059767014346800915 0.001500619430124285 1.9981616912440546E-6 1.9981616912440546E-6 1.9981616912440546E-6 0.015707549054869516 1.9981616912440546E-6 2.417775646405306E-4 1.9981616912440546E-6 1.9981616912440546E-6 1.9981616912440546E-6 1.9981616912440546E-6 0.6198916996363343 6.61391519801782E-4 
English/CKTAUS_pharma18.en, 4.286273254366309E-4 1.7785366200690078E-6 0.0010689005086614739 1.7785366200690078E-6 5.353395226407714E-4 0.0024561590723153 1.7785366200690078E-6 1.7785366200690078E-6 1.7785366200690078E-6 1.7785366200690078E-6 1.7785366200690078E-6 0.5501031551239642 1.7785366200690078E-6 0.010779710454238256 1.7785366200690078E-6 1.7785366200690078E-6 0.037564471952477516 2.6855902963042016E-4 0.0030430761569380724 1.7785366200690078E-6 1.7785366200690078E-6 0.019156617934763285 0.0010155444100594037 0.0014957492974780357 1.7785366200690078E-6 1.7785366200690078E-6 1.7785366200690078E-6 1.7785366200690078E-6 0.36026215629779834 0.01179347632767759 
English/CKTAUS_pharma19.en, 2.1033148241628817E-6 2.1033148241628817E-6 2.1033148241628817E-6 2.1033148241628817E-6 2.1033148241628817E-6 2.1033148241628817E-6 2.1033148241628817E-6 2.1033148241628817E-6 2.1033148241628817E-6 0.012243395591452134 2.1033148241628817E-6 0.5230965000841328 2.1033148241628817E-6 0.01678655561164396 0.0010116944304223463 2.1033148241628817E-6 0.03830346626283024 2.1033148241628817E-6 1.2830220427393577E-4 2.1033148241628817E-6 2.1033148241628817E-6 0.04978756520275957 1.9140164899882222E-4 3.1760053844859514E-4 2.1033148241628817E-6 2.1033148241628817E-6 2.1033148241628817E-6 2.1033148241628817E-6 0.3572080599024064 8.854955409725732E-4 
English/CKTAUS_pharma20.en, 1.763948422148137E-6 1.763948422148137E-6 1.763948422148137E-6 1.763948422148137E-6 1.763948422148137E-6 9.013776437176982E-4 1.763948422148137E-6 2.663562117443687E-4 1.763948422148137E-6 0.0014834806230265834 1.763948422148137E-6 0.5406166763683832 1.763948422148137E-6 0.01328429556719762 1.763948422148137E-6 1.763948422148137E-6 0.02370923074209311 0.0025418496763154655 3.721931170732569E-4 1.763948422148137E-6 1.763948422148137E-6 2.134377590799246E-4 9.542960963821423E-4 1.763948422148137E-6 1.763948422148137E-6 1.763948422148137E-6 1.763948422148137E-6 1.6051930641548047E-4 0.41303028699440847 0.002436012770986577 
English/CKTAUS_pharma21.en, 1.8449844098817372E-6 1.8449844098817372E-6 1.8449844098817372E-6 1.8449844098817372E-6 1.8449844098817372E-6 0.001551631888710541 1.8449844098817372E-6 1.8449844098817372E-6 1.8449844098817372E-6 1.8449844098817372E-6 1.8449844098817372E-6 0.48109997970517165 1.8449844098817372E-6 0.016606704673345518 1.8449844098817372E-6 1.8449844098817372E-6 0.026680319551299805 0.0029353701961218437 1.8449844098817372E-6 1.8449844098817372E-6 6.106898396708551E-4 0.005094001955683477 1.8449844098817372E-6 1.8449844098817372E-6 1.8449844098817372E-6 1.8449844098817372E-6 1.8449844098817372E-6 1.8449844098817372E-6 0.4646611686131254 7.213889042637592E-4 
English/CKTAUS_pharma2.en, 1.7729553392550049E-6 4.2728223676045615E-4 0.0015974327606687595 1.7729553392550049E-6 1.7729553392550049E-6 9.591688385369577E-4 1.7729553392550049E-6 1.7729553392550049E-6 1.7729553392550049E-6 1.7729553392550049E-6 1.7729553392550049E-6 0.5819389039590095 1.7729553392550049E-6 0.011171391592645786 1.7729553392550049E-6 0.0011187348190699082 0.017022144212187302 0.0011187348190699082 1.7729553392550049E-6 1.7729553392550049E-6 1.7729553392550049E-6 0.003299469886353564 1.7729553392550049E-6 1.7729553392550049E-6 1.7729553392550049E-6 1.7729553392550049E-6 1.7729553392550049E-6 1.7729553392550049E-6 0.3729606581210221 0.008352392603230327 
English/CKTAUS_pharma3.en, 1.942049250368989E-6 1.942049250368989E-6 1.942049250368989E-6 1.942049250368989E-6 0.005187213547735569 5.845568243610657E-4 6.428183018721353E-4 1.942049250368989E-6 1.942049250368989E-6 0.005187213547735569 1.942049250368989E-6 0.18847782179756076 1.942049250368989E-6 0.011479453118931093 1.942049250368989E-6 1.942049250368989E-6 0.053660762836945534 1.942049250368989E-6 1.942049250368989E-6 1.942049250368989E-6 1.942049250368989E-6 0.03781364095393458 1.942049250368989E-6 1.942049250368989E-6 1.942049250368989E-6 1.942049250368989E-6 1.942049250368989E-6 1.942049250368989E-6 0.6914491571506252 0.005478520935290917 
English/CKTAUS_pharma5.en, 1.9413706076490004E-6 1.9413706076490004E-6 6.425936711318192E-4 1.9413706076490004E-6 1.9413706076490004E-6 0.0019238982721801595 1.9413706076490004E-6 1.9413706076490004E-6 1.9413706076490004E-6 1.9413706076490004E-6 1.9413706076490004E-6 0.4562628615802758 1.9413706076490004E-6 0.013047951854008933 1.9413706076490004E-6 1.9413706076490004E-6 0.03075325179576782 0.0016909337992622796 0.0011085226169675795 1.9413706076490004E-6 6.0182488837119025E-5 0.013339157445156282 1.9413706076490004E-6 1.9413706076490004E-6 1.9413706076490004E-6 1.9413706076490004E-6 1.9413706076490004E-6 1.9413706076490004E-6 0.47688021743350817 0.00425354300135896 
English/CKTAUS_pharma7.en, 1.9103291497124957E-6 1.9103291497124957E-6 1.9103291497124957E-6 1.9103291497124957E-6 1.9103291497124957E-6 0.0018931361873650832 5.922020364108738E-5 1.9103291497124957E-6 1.9103291497124957E-6 1.9103291497124957E-6 1.9103291497124957E-6 0.2398437350755536 1.9103291497124957E-6 0.01054692723556269 1.9103291497124957E-6 1.9103291497124957E-6 0.2251724072057616 0.0013200374424513347 1.9103291497124957E-6 1.9103291497124957E-6 0.0010334880699944603 0.005904827401761324 1.9103291497124957E-6 0.0010334880699944603 1.9103291497124957E-6 1.9103291497124957E-6 1.9103291497124957E-6 1.9103291497124957E-6 0.5074808489502742 0.005675587903795825 
English/CKTAUS_pharma8.en, 1.9187965308158715E-6 1.9187965308158715E-6 1.9187965308158715E-6 1.9187965308158715E-6 1.9187965308158715E-6 0.003628444239772813 1.9187965308158715E-6 1.9187965308158715E-6 1.9187965308158715E-6 1.9187965308158715E-6 1.9187965308158715E-6 0.29386560749098156 1.9187965308158715E-6 0.024639266252206606 1.9187965308158715E-6 1.9187965308158715E-6 0.11351792155959776 0.002362038529434338 1.9187965308158715E-6 1.9187965308158715E-6 1.9187965308158715E-6 0.008060864225957476 1.9187965308158715E-6 0.0034557525519993844 1.9187965308158715E-6 1.9187965308158715E-6 1.9187965308158715E-6 1.9187965308158715E-6 0.5428870212602653 0.0075427891626371904 
English/CKTAUS_pharma9.en, 1.8708723877944278E-6 1.8708723877944278E-6 1.8708723877944278E-6 1.8708723877944278E-6 0.0013488989915997826 0.0026959271108117702 1.8708723877944278E-6 0.0010121419617967855 0.0016856560214027795 1.8708723877944278E-6 1.8708723877944278E-6 0.27496398570653485 1.8708723877944278E-6 0.01139548371405586 1.8708723877944278E-6 1.8708723877944278E-6 0.041254607023254924 0.0028643056257132687 1.8708723877944278E-6 1.8708723877944278E-6 1.8708723877944278E-6 0.023967746160034414 1.8708723877944278E-6 1.8708723877944278E-6 1.8708723877944278E-6 1.8708723877944278E-6 1.8708723877944278E-6 1.8708723877944278E-6 0.6308600400366688 0.007915661072758224 
English/CKTAUS_software1.en, 0.14254580661661284 0.024773022049286653 1.8267843115763328E-6 0.022854898522131503 0.0018103432527721457 0.006797464423375535 0.015401618530900064 0.008167552657057785 0.06905427376189696 0.016990920881971475 0.022197256169964024 0.1590964724794944 0.009428033832045454 0.02849966204490237 1.8267843115763328E-6 0.001700736194077566 0.05436692789682324 0.008605980891836104 0.002193967958203176 0.026910359693830963 0.04674923731754994 0.04587238084799329 0.035240496154619036 0.001645932664730276 0.004934144425567675 1.8267843115763328E-6 0.006852267952722825 0.001426718547341116 0.22732686651687048 0.008551177362488815 
English/CKTAUS_undef1.en, 1.974021872162344E-6 9.495045205100875E-4 0.010543250819219079 1.974021872162344E-6 1.974021872162344E-6 0.04388448024004107 0.009418058352086542 0.03967981365233528 0.0037328753602589924 0.020729203679576775 0.007878321291799915 1.796359903667733E-4 1.974021872162344E-6 0.001245607801334439 0.004206640609577955 0.024341663705633867 0.0785285640964902 0.001778593706818272 0.5366595601879269 1.974021872162344E-6 0.006457025543843027 0.1260235303407162 1.796359903667733E-4 0.016998302341189944 0.0018970350191480124 1.974021872162344E-6 1.974021872162344E-6 1.974021872162344E-6 1.974021872162344E-6 0.06467093055391054 
English/CKTAUS_undef2.en, 4.332271228129019E-5 1.3975068477835545E-6 0.0026426854491587016 1.3975068477835545E-6 1.3975068477835545E-6 0.027672033092962164 1.3975068477835545E-6 1.3975068477835545E-6 1.3975068477835545E-6 0.003942366817597407 6.722007937838898E-4 1.3975068477835545E-6 1.3975068477835545E-6 0.0042358432556319535 1.3975068477835545E-6 0.5002529487394489 0.006248253116440272 4.332271228129019E-5 0.09336883000726706 1.3975068477835545E-6 0.003648890379562861 0.020460897758399023 2.5294873944882337E-4 0.2439641679244229 1.3975068477835545E-6 1.3975068477835545E-6 1.3975068477835545E-6 1.3975068477835545E-6 1.3975068477835545E-6 0.09253032589859693 
English/CKTAUS_undef3.en, 1.1873805198351919E-6 1.1873805198351919E-6 3.5740153647039277E-4 1.1873805198351919E-6 1.1873805198351919E-6 0.033449696624277186 1.1873805198351919E-6 1.1873805198351919E-6 1.1873805198351919E-6 6.423728612308389E-4 7.136156924209503E-4 1.1873805198351919E-6 3.6808796114890954E-5 3.6808796114890954E-5 1.1873805198351919E-6 0.5783504909818451 2.1491587409016972E-4 3.9302295206544854E-4 0.00281527921252924 1.1873805198351919E-6 0.001461665419917121 0.0022809579786034037 8.204799392061177E-4 0.29512461558555675 1.1873805198351919E-6 1.1873805198351919E-6 1.1873805198351919E-6 1.1873805198351919E-6 1.1873805198351919E-6 0.08328405704176019 
English/CKTAUS_undef4.en, 1.1690573890272277E-6 1.1690573890272277E-6 1.1690573890272277E-6 1.1690573890272277E-6 1.1690573890272277E-6 0.030864284127707836 1.1690573890272277E-6 9.130338208302648E-4 1.1690573890272277E-6 1.1690573890272277E-6 9.831772641718986E-4 1.1690573890272277E-6 1.1690573890272277E-6 1.1690573890272277E-6 1.1690573890272277E-6 0.5848221279182596 1.1690573890272277E-6 6.67531769134547E-4 0.002350974409333755 1.1690573890272277E-6 0.0013338944808800666 9.130338208302648E-4 1.1690573890272277E-6 0.2953050655256667 1.1690573890272277E-6 1.1690573890272277E-6 1.1690573890272277E-6 1.1690573890272277E-6 1.1690573890272277E-6 0.08182349571540469 
English/CKTAUS_undef5.en, 1.9453360568038133E-6 0.004845832117498299 1.9453360568038133E-6 1.9453360568038133E-6 1.9453360568038133E-6 0.001344227215251435 0.007822196284408132 1.9453360568038133E-6 1.9453360568038133E-6 1.9453360568038133E-6 0.0032117498297830954 1.9453360568038133E-6 1.9453360568038133E-6 1.9453360568038133E-6 0.41704308919365835 0.11742242972473498 1.9453360568038133E-6 0.2187938916447817 1.9453360568038133E-6 0.007938916447816361 1.9453360568038133E-6 0.0032117498297830954 0.027081023246765885 0.06612391790681842 1.9453360568038133E-6 1.9453360568038133E-6 1.1866549946503261E-4 1.9453360568038133E-6 1.9453360568038133E-6 0.12500924034626984 
English/CKTAUS_undef6.en, 1.2840267077555215E-5 1.2840267077555215E-5 1.2840267077555215E-5 1.2840267077555215E-5 1.2840267077555215E-5 1.2840267077555215E-5 0.005405752439650745 1.2840267077555215E-5 1.2840267077555215E-5 1.2840267077555215E-5 1.2840267077555215E-5 1.2840267077555215E-5 3.980482794042117E-4 1.2840267077555215E-5 0.7034026707755523 1.2840267077555215E-5 1.2840267077555215E-5 0.16719311761684647 1.2840267077555215E-5 0.01156908063687725 7.832562917308681E-4 1.2840267077555215E-5 0.04354134565998973 3.980482794042117E-4 3.980482794042117E-4 1.2840267077555215E-5 1.2840267077555215E-5 1.2840267077555215E-5 1.2840267077555215E-5 0.06665382639958913 
English/CSTAUS_business10.en, 2.949591481579799E-6 0.33386720939149905 2.949591481579799E-6 2.949591481579799E-6 2.949591481579799E-6 0.003630947113824733 0.038760581659440144 2.949591481579799E-6 0.0035424593693773386 5.338760581659437E-4 2.949591481579799E-6 3.569005692711557E-4 2.949591481579799E-6 2.949591481579799E-6 0.0010648025248503076 5.338760581659437E-4 2.949591481579799E-6 0.0031885083915877627 2.949591481579799E-6 2.949591481579799E-6 0.008143822080641825 2.949591481579799E-6 0.006197091702799158 5.338760581659437E-4 2.949591481579799E-6 2.949591481579799E-6 2.949591481579799E-6 0.5955254697224431 2.949591481579799E-6 0.004073385836061703 
English/CSTAUS_business11.en, 3.0000300003000026E-6 0.3122161221612216 3.0000300003000026E-6 3.0000300003000026E-6 3.0000300003000026E-6 3.0000300003000026E-6 0.04437344373443734 3.0000300003000026E-6 0.003513035130351303 3.0000300003000026E-6 0.0014430144301443013 3.0000300003000026E-6 3.0000300003000026E-6 3.0000300003000026E-6 0.0025230252302523024 6.330063300633006E-4 3.0000300003000026E-6 0.001983019830198302 3.0000300003000026E-6 0.005403054030540305 0.01206312063120631 3.0000300003000026E-6 0.01143311433114331 9.930099300993007E-4 3.0000300003000026E-6 3.0000300003000026E-6 3.0000300003000026E-6 0.6007590075900758 3.0000300003000026E-6 0.0026130261302613022 
English/CSTAUS_business12.en, 3.15357931251971E-6 0.33339955849889624 3.15357931251971E-6 3.15357931251971E-6 0.0012330495111952066 3.15357931251971E-6 0.02923683380637023 2.869757174392936E-4 4.761904761904762E-4 3.15357931251971E-6 2.869757174392936E-4 3.15357931251971E-6 3.15357931251971E-6 3.15357931251971E-6 3.15357931251971E-6 3.15357931251971E-6 3.15357931251971E-6 3.15357931251971E-6 5.707978555660675E-4 0.013626616209397667 0.006720277514979502 3.15357931251971E-6 0.006720277514979502 0.0015168716493219807 3.15357931251971E-6 3.15357931251971E-6 3.15357931251971E-6 0.6032198044780827 3.15357931251971E-6 0.002652160201829076 
English/CSTAUS_business13.en, 3.853012355113997E-4 0.3274773914151063 3.1843077314991713E-6 3.1843077314991713E-6 3.1843077314991713E-6 3.1843077314991713E-6 0.03410712011208763 3.1843077314991713E-6 0.0036332951216405543 6.718889313463252E-4 3.1843077314991713E-6 3.1843077314991713E-6 3.1843077314991713E-6 3.1843077314991713E-6 3.1843077314991713E-6 3.1843077314991713E-6 3.1843077314991713E-6 0.0014361227869061264 9.871353967647433E-5 0.016434212202267224 0.007932110559164436 3.1843077314991713E-6 0.0046841166730352815 0.003251178193860654 3.1843077314991713E-6 3.1843077314991713E-6 3.1843077314991713E-6 0.590182779263788 3.1843077314991713E-6 0.009651636734173989 
English/CSTAUS_business14.en, 0.002302405498281787 0.26280993920169177 2.6434047052603754E-6 2.6434047052603754E-6 1.612476870208829E-4 2.6434047052603754E-6 0.03997092254824214 2.6434047052603754E-6 0.0036505418979645783 2.6434047052603754E-6 0.0027782183452286545 2.6434047052603754E-6 5.577583928099392E-4 1.612476870208829E-4 2.6434047052603754E-6 2.6434047052603754E-6 2.6434047052603754E-6 0.001112873380914618 2.6434047052603754E-6 0.008329368226275443 0.013246100978059741 0.0018265926513349195 2.6434047052603754E-6 2.6434047052603754E-6 2.6434047052603754E-6 2.6434047052603754E-6 2.6434047052603754E-6 0.6623341263547449 2.6434047052603754E-6 7.163626751255617E-4 
English/CSTAUS_business15.en, 0.004671390857301651 0.3064638043629288 0.003004029456718075 2.7789356676392923E-6 2.7789356676392923E-6 2.7789356676392923E-6 0.03785188272891481 7.530915659302482E-4 0.007922745588439622 2.7789356676392923E-6 0.00675559260803112 2.7789356676392923E-6 0.002503821036543003 0.001253299986105321 2.7789356676392923E-6 2.7789356676392923E-6 2.7789356676392923E-6 2.7789356676392923E-6 2.7789356676392923E-6 0.01284146172016117 0.01284146172016117 2.7789356676392923E-6 2.7789356676392923E-6 2.7789356676392923E-6 0.0028372933166597174 2.7789356676392923E-6 2.7789356676392923E-6 0.5978352091149086 8.614700569681807E-5 0.002337084896484645 
English/CSTAUS_business16.en, 2.979382671910378E-6 0.33607734477416257 2.979382671910378E-6 2.979382671910378E-6 0.0021481349064473828 2.979382671910378E-6 0.03825825289000117 2.979382671910378E-6 0.008315457037301865 2.979382671910378E-6 2.979382671910378E-6 2.979382671910378E-6 2.979382671910378E-6 2.711238231438444E-4 3.6050530330115573E-4 0.0018799904659754488 2.979382671910378E-6 2.979382671910378E-6 2.979382671910378E-6 0.005365868192110591 0.014929686568942906 2.979382671910378E-6 7.180312239304012E-4 2.979382671910378E-6 7.180312239304012E-4 2.979382671910378E-6 2.979382671910378E-6 0.5890269336193538 2.979382671910378E-6 0.0018799904659754488 
English/CSTAUS_business17.en, 2.8081999438360016E-6 0.2741392867172143 2.8081999438360016E-6 2.8081999438360016E-6 8.705419825891606E-5 2.8081999438360016E-6 0.03622858747542826 2.8081999438360016E-6 0.006068520078629599 2.8081999438360016E-6 2.8081999438360016E-6 2.8081999438360016E-6 2.8081999438360016E-6 2.8081999438360016E-6 0.003878124122437518 2.8081999438360016E-6 0.0024459421510811576 0.003372648132547038 7.610221847795564E-4 0.0069109800617804 0.0049733221005335585 0.003878124122437518 2.8081999438360016E-6 2.8081999438360016E-6 2.8081999438360016E-6 2.8081999438360016E-6 2.8081999438360016E-6 0.6566161190676778 2.8081999438360016E-6 5.925301881493963E-4 
English/CSTAUS_business18.en, 2.706946023496289E-6 0.3461940338909639 2.706946023496289E-6 2.706946023496289E-6 2.706946023496289E-6 2.706946023496289E-6 0.0444236911915976 2.706946023496289E-6 0.0024389583671701564 2.706946023496289E-6 2.706946023496289E-6 2.706946023496289E-6 0.0017892913215310472 2.706946023496289E-6 2.706946023496289E-6 2.706946023496289E-6 2.463320881381623E-4 0.002763791889989711 2.706946023496289E-6 2.706946023496289E-6 0.010641004818363912 2.706946023496289E-6 0.008123545016512364 7.335823723674944E-4 2.706946023496289E-6 2.706946023496289E-6 2.706946023496289E-6 0.5757701261436842 2.706946023496289E-6 0.006824210925234144 
English/CSTAUS_business19.en, 0.0019421023046655409 0.3523636874648676 2.810567734682403E-6 2.810567734682403E-6 7.616638560989313E-4 2.810567734682403E-6 0.042161326587970734 7.616638560989313E-4 0.008265879707700948 2.810567734682403E-6 8.459808881394034E-4 2.810567734682403E-6 2.810567734682403E-6 2.810567734682403E-6 2.810567734682403E-6 8.71275997751545E-5 2.810567734682403E-6 2.810567734682403E-6 2.810567734682403E-6 0.009699269252388974 0.014505340078695883 0.005736368746486785 2.810567734682403E-6 2.810567734682403E-6 2.810567734682403E-6 2.810567734682403E-6 2.810567734682403E-6 0.5602051714446313 2.810567734682403E-6 0.0026166385609893176 
English/CSTAUS_business1.en, 3.515062040845017E-6 0.4350978944778371 3.515062040845017E-6 3.515062040845017E-6 3.515062040845017E-6 0.008017856515167484 0.05283489753594145 3.515062040845017E-6 5.307743681675976E-4 0.0013743892579704015 3.515062040845017E-6 3.515062040845017E-6 3.515062040845017E-6 3.515062040845017E-6 3.515062040845017E-6 0.005065204400857669 3.515062040845017E-6 3.515062040845017E-6 0.002007100425322505 3.515062040845017E-6 0.004010685788604164 0.0019016485640971543 3.515062040845017E-6 0.006225174874336525 3.515062040845017E-6 3.515062040845017E-6 3.515062040845017E-6 0.48160216527821664 1.0896692326619554E-4 0.0011634855355197005 
English/CSTAUS_business20.en, 2.589600165734409E-6 0.28822508804640545 1.5796561010979895E-4 2.589600165734409E-6 0.0011679096747462185 2.589600165734409E-6 0.035816759892272614 2.589600165734409E-6 0.005052309923347832 2.589600165734409E-6 2.589600165734409E-6 2.589600165734409E-6 2.589600165734409E-6 2.589600165734409E-6 2.589600165734409E-6 2.589600165734409E-6 2.589600165734409E-6 0.0037316138388232833 2.589600165734409E-6 0.008315206132173188 0.004430805883571574 2.589600165734409E-6 2.589600165734409E-6 0.002488605759270767 2.589600165734409E-6 2.589600165734409E-6 2.589600165734409E-6 0.6473767350321107 2.589600165734409E-6 0.0031877978040190575 
English/CSTAUS_business21.en, 0.003693981899215266 0.2911191315998139 2.7342575123725135E-6 8.476198288354793E-5 2.7342575123725135E-6 0.0034478987231017395 0.03207557487764196 2.7342575123725135E-6 0.006646980012577581 2.7342575123725135E-6 2.7342575123725135E-6 2.7342575123725135E-6 2.7342575123725135E-6 2.7342575123725135E-6 2.7342575123725135E-6 2.7342575123725135E-6 8.476198288354793E-5 2.7342575123725135E-6 2.7342575123725135E-6 0.007385229540918159 0.007713340442402861 2.7342575123725135E-6 2.7342575123725135E-6 2.7342575123725135E-6 2.7342575123725135E-6 2.7342575123725135E-6 2.7342575123725135E-6 0.6438383506958681 2.7342575123725135E-6 0.0038580373499576166 
English/CSTAUS_business2.en, 3.5210027815921947E-6 0.4196718425407553 3.5210027815921947E-6 1.0915108622935804E-4 1.0915108622935804E-4 3.5210027815921947E-6 0.04563571705221644 3.5210027815921947E-6 0.003066793422766802 0.002961163339319036 3.5210027815921947E-6 3.5210027815921947E-6 3.5210027815921947E-6 3.5210027815921947E-6 3.5210027815921947E-6 0.0028555332558712703 3.5210027815921947E-6 3.5210027815921947E-6 3.5210027815921947E-6 0.003911834090348928 0.004756874757931055 3.5210027815921947E-6 3.5210027815921947E-6 0.0026442730889757386 3.5210027815921947E-6 3.5210027815921947E-6 5.316714200204214E-4 0.5101968240554906 3.5210027815921947E-6 0.003489313756557865 
English/CSTAUS_business3.en, 3.723146803678466E-6 0.40433746602628506 3.723146803678466E-6 3.723146803678466E-6 3.723146803678466E-6 3.723146803678466E-6 0.04926095535946979 3.723146803678466E-6 0.0048065825235489 6.738895714658023E-4 3.723146803678466E-6 3.723146803678466E-6 3.723146803678466E-6 3.388063591347404E-4 3.723146803678466E-6 3.723146803678466E-6 3.723146803678466E-6 3.723146803678466E-6 3.723146803678466E-6 0.006481998585204209 0.007040470605755979 3.723146803678466E-6 3.723146803678466E-6 7.855839755761563E-4 3.723146803678466E-6 3.723146803678466E-6 3.723146803678466E-6 0.5227335343832603 3.723146803678466E-6 0.003466249674224652 
English/CSTAUS_business4.en, 3.68405540819334E-6 0.340299882110227 1.1420571765399355E-4 3.68405540819334E-6 3.68405540819334E-6 3.68405540819334E-6 0.036586354258768064 3.68405540819334E-6 0.0012194223401119956 0.002987768936044799 3.68405540819334E-6 3.68405540819334E-6 3.68405540819334E-6 3.68405540819334E-6 3.68405540819334E-6 3.68405540819334E-6 3.68405540819334E-6 0.0013299440023577958 3.68405540819334E-6 3.352490421455939E-4 0.0016615089890951963 3.68405540819334E-6 0.0011089006778661954 3.68405540819334E-6 3.68405540819334E-6 3.68405540819334E-6 3.68405540819334E-6 0.6061044798113765 3.68405540819334E-6 0.008182287061597408 
English/CSTAUS_business5.en, 5.566319156133711E-4 0.3484669557462248 3.0753144509026027E-6 3.0753144509026027E-6 5.566319156133711E-4 0.005999938493710978 0.04723990528031488 3.0753144509026027E-6 0.0018482639849924645 0.004523787557277729 3.0753144509026027E-6 3.0753144509026027E-6 0.0016637451179383083 0.0014792262508841521 3.0753144509026027E-6 3.0753144509026027E-6 3.0753144509026027E-6 3.0753144509026027E-6 3.0753144509026027E-6 3.0753144509026027E-6 0.005354122459021431 3.0753144509026027E-6 3.0753144509026027E-6 3.0753144509026027E-6 9.533474797798069E-5 3.0753144509026027E-6 3.0753144509026027E-6 0.5783774640957035 3.0753144509026027E-6 0.0037857120890611036 
English/CSTAUS_business6.en, 3.2026646169613123E-6 0.3092845247245709 3.2026646169613123E-6 3.2026646169613123E-6 3.2026646169613123E-6 9.928260312580069E-5 0.04266269536254164 3.2026646169613123E-6 2.9144248014347944E-4 0.0015404816807583915 3.2026646169613123E-6 3.2026646169613123E-6 3.2026646169613123E-6 3.2026646169613123E-6 3.2026646169613123E-6 9.64002049705355E-4 3.2026646169613123E-6 0.0025973610043556247 0.0013483218037407124 0.0025973610043556247 0.0035581603894440177 3.2026646169613123E-6 3.2026646169613123E-6 3.2026646169613123E-6 3.2026646169613123E-6 3.2026646169613123E-6 3.2026646169613123E-6 0.628654240327953 3.2026646169613123E-6 0.00634447860620036 
English/CSTAUS_business7.en, 3.1422825540472594E-6 0.31391716943187525 3.1422825540472594E-6 3.1422825540472594E-6 3.1422825540472594E-6 3.1422825540472594E-6 0.03639077425842131 3.1422825540472594E-6 0.005564982403217696 3.1422825540472594E-6 0.003396807440925087 3.1422825540472594E-6 3.1422825540472594E-6 3.1422825540472594E-6 3.1422825540472594E-6 3.1422825540472594E-6 3.1422825540472594E-6 7.572900955253896E-4 3.1422825540472594E-6 0.017254273504273502 0.009618526897938661 3.1422825540472594E-6 3.1422825540472594E-6 0.001888511814982403 3.1422825540472594E-6 3.1422825540472594E-6 3.1422825540472594E-6 0.6073749371543489 3.1422825540472594E-6 0.0037738813474107583 
English/CSTAUS_business8.en, 0.0025999223903764067 0.29471060565356255 2.984985522820214E-6 2.984985522820214E-6 2.984985522820214E-6 0.001614877167845736 0.041285334766126384 0.0028685710874302257 0.00403271544133011 0.0038536163099608966 0.0038536163099608966 2.984985522820214E-6 2.984985522820214E-6 2.984985522820214E-6 2.984985522820214E-6 4.5073281394585236E-4 2.984985522820214E-6 2.984985522820214E-6 2.984985522820214E-6 0.0034058684815378645 0.00752514850302976 2.984985522820214E-6 0.006987851108922122 2.984985522820214E-6 1.8208411689203305E-4 2.984985522820214E-6 2.984985522820214E-6 0.6197755290886839 2.984985522820214E-6 0.0068087519775529085 
English/CSTAUS_business9.en, 3.115555970963019E-6 0.3026482225753186 3.115555970963019E-6 3.115555970963019E-6 3.115555970963019E-6 3.115555970963019E-6 0.03047325295198929 3.115555970963019E-6 0.003461382683739914 2.835155933576347E-4 3.115555970963019E-6 3.115555970963019E-6 3.115555970963019E-6 6.57382309873197E-4 3.115555970963019E-6 3.115555970963019E-6 3.115555970963019E-6 0.0023397825341932273 3.115555970963019E-6 0.004769916191544382 0.006545783094993303 3.115555970963019E-6 0.00448951615415771 3.115555970963019E-6 3.115555970963019E-6 3.115555970963019E-6 3.115555970963019E-6 0.6394086674767113 3.115555970963019E-6 0.0048633828706732725 
English/CSTAUS_electronics1.en, 2.401018031645417E-6 2.401018031645417E-6 0.44565535787173755 0.014840692453600323 0.09515474561213952 2.401018031645417E-6 0.0015150423779682583 0.018370188960119084 2.401018031645417E-6 2.401018031645417E-6 2.401018031645417E-6 2.401018031645417E-6 2.401018031645417E-6 2.401018031645417E-6 2.401018031645417E-6 2.401018031645417E-6 5.06614804677183E-4 2.401018031645417E-6 2.401018031645417E-6 2.401018031645417E-6 2.401018031645417E-6 0.3940094600110446 0.02708588441499195 2.401018031645417E-6 2.401018031645417E-6 2.401018031645417E-6 0.0027395615741074206 2.401018031645417E-6 2.401018031645417E-6 7.443155898100793E-5 
English/CSTAUS_electronics2.en, 2.3867487708243825E-6 0.0012196286218912596 0.413005394052222 0.007377440450618166 0.09759654398777982 2.3867487708243825E-6 0.004226932073129981 0.024848441453052646 2.3867487708243825E-6 2.3867487708243825E-6 2.3867487708243825E-6 2.3867487708243825E-6 2.3867487708243825E-6 2.3867487708243825E-6 2.3867487708243825E-6 2.3867487708243825E-6 0.012318010406224638 2.3867487708243825E-6 0.0013628335481407224 2.3867487708243825E-6 2.3867487708243825E-6 0.3919542698935509 0.02255716263306124 7.900138431428705E-4 0.003152895126259009 2.3867487708243825E-6 0.019549859181822518 2.3867487708243825E-6 2.3867487708243825E-6 2.3867487708243825E-6 
English/CSTAUS_electronics3.en, 3.357845606259023E-6 3.357845606259023E-6 0.00886807024613008 3.357845606259023E-6 0.07192841073167452 3.357845606259023E-6 0.0011114468956717365 3.357845606259023E-6 0.019848225378597085 0.006248950673248041 3.357845606259023E-6 3.357845606259023E-6 3.357845606259023E-6 0.0010107115274839659 3.357845606259023E-6 3.357845606259023E-6 0.34703670125247627 3.357845606259023E-6 0.007155568986937978 4.062993183573418E-4 0.014106309391894155 0.055206339612504596 0.0060474799368725 0.007759981196064602 0.012494543500889825 3.357845606259023E-6 0.4323595581075181 0.0058460092004969585 3.357845606259023E-6 0.0025217420503005263 
English/CSTAUS_hardware10.en, 0.0024351218656847285 3.967210240224445E-4 2.1918288620024558E-6 2.1918288620024558E-6 0.006051639487988781 2.1918288620024558E-6 0.05267183938278101 0.11434990355953012 0.03038093985621604 2.1918288620024558E-6 0.00855032439067158 2.1918288620024558E-6 0.43838988251797323 2.1918288620024558E-6 7.912502191828865E-4 0.0017118183412239182 8.570050850429603E-4 0.007629756268630549 2.1918288620024558E-6 2.1918288620024558E-6 0.017690250745221823 1.337015605821498E-4 6.794669472207613E-5 2.1918288620024558E-6 0.3156255479572157 2.1918288620024558E-6 2.1918288620024558E-6 6.597404874627393E-4 2.1918288620024558E-6 0.001580308609503771 
English/CSTAUS_hardware11.en, 2.2963167080003684E-6 0.010611279507669703 7.60080830348122E-4 2.2963167080003684E-6 2.2963167080003684E-6 0.0013800863415082216 0.1259323045834482 0.0891453109212823 0.031415908882153044 2.2963167080003684E-6 0.01942913566639112 2.2963167080003684E-6 0.43745062919077826 2.2963167080003684E-6 2.2963167080003684E-6 0.0024134288601083873 0.0014489758427482327 0.003308992376228531 2.2963167080003684E-6 2.2963167080003684E-6 0.018464682649030964 0.0027578763663084426 0.001793423348948288 0.0014489758427482327 0.22099981629466348 2.2963167080003684E-6 0.004617892899788741 0.01295352254983008 2.2963167080003684E-6 0.01364241756223019 
