Dutch/CKTAUS_electronics1.nl,0.31192342498843023 1.5214122849607827E-5 0.10142400635518324 0.4915051759528092 1.5560321138677367E-5 1.6006324642043041E-6 1.4145328306584649E-5 0.08164450472671729 0.013448749199470422 7.618372630456454E-6 
Dutch/CKTAUS_hardware1.nl,0.011167444703245464 0.0013216322462944465 0.9754320021182153 0.012044244189983911 8.864336501828404E-6 9.118413850206559E-7 8.058249500181137E-6 1.00402500170294E-5 2.4620632597796116E-6 4.340001597063815E-6 
Dutch/CKTAUS_industrial1.nl,7.2016954447649936E-6 8.619958651883033E-6 8.278599850301722E-6 0.9995061378808988 8.816106334311468E-6 9.068801267539656E-7 4.4328820154857326E-4 9.985621795263072E-6 2.4486673645051066E-6 4.316387984921837E-6 
Dutch/CKTAUS_industrial2.nl,3.3692006025378617E-4 4.4823483858764105E-4 8.359560876319012E-6 0.9921391709043483 8.902323934776523E-6 9.157490112107998E-7 8.092782509222954E-6 0.007042572565895762 2.472614242695887E-6 4.358600340424832E-6 
Dutch/CKTAUS_industrial3.nl,6.952777192964337E-6 8.32201977697818E-6 0.0020040805057670035 0.9920641417957965 8.511387842220732E-6 8.755348668112603E-7 1.1279466215312795E-4 0.005787790087548317 2.364032016580612E-6 4.167197039603382E-6 
Dutch/CKTAUS_industrial4.nl,5.983005744039908E-4 1.274519119419824E-4 8.984483010402901E-6 0.9927325012913775 9.56782052651572E-6 9.842061747912694E-7 8.69776152560489E-6 0.006506170066427209 2.6574554553113675E-6 4.684429156872954E-6 
Dutch/CKTAUS_industrial5.nl,0.0010828370071874855 3.6777195092200984E-4 6.062711868593709E-4 0.9694792718020685 9.676381902247558E-6 9.95373480453306E-7 8.79645076777768E-6 0.02700371123026491 2.6876083014454638E-6 0.001437981008245646 
Dutch/CKTAUS_legal3.nl,5.216996955299421E-6 6.244404305429242E-6 9.519502308552707E-4 6.290066041135307E-6 6.370219034869064E-4 6.5695514290821E-7 0.006706306937350859 0.9841137869277853 1.7738448235061495E-6 0.007570751733253303 
Dutch/CKTAUS_legal4.nl,1.0163499994041747E-5 1.2165045075703303E-5 9.331132427248835E-4 1.2254001050673752E-5 1.2441861414922681E-5 1.2798480904327216E-6 0.0012398837091882504 0.997769151507307 3.455718300702174E-6 6.091566853319845E-6 
Dutch/CKTAUS_legal5.nl,5.802985278967319E-6 0.005180288643142934 6.670733777930483E-6 1.823641388237632E-4 0.002199198273579729 7.30746261863481E-7 0.006232006025256517 0.9730349207390807 0.003772375503712655 0.009385642211084844 
Dutch/CKTAUS_pharma10.nl,2.0138301064045002E-4 5.202687198783719E-6 4.996655692264685E-6 5.2407314566844495E-6 5.321074661839424E-6 5.473591947292598E-7 7.051597576091072E-5 6.026950799208523E-6 0.8318232033584766 0.16787756219611852 
Dutch/CKTAUS_pharma11.nl,4.2585713561433434E-6 5.097231518271591E-6 4.895376159942282E-6 5.13450463945908E-6 5.213219330915187E-6 5.362645172752245E-7 4.739150195732852E-6 5.9047877373792E-6 0.9344559088694353 0.06550831202510958 
Dutch/CKTAUS_pharma12.nl,7.060511149645093E-5 5.245754038255716E-6 5.03801704273102E-6 5.284113219173197E-6 0.0010649243918808093 5.518901283933936E-7 4.8772389851336075E-6 6.076840733517052E-6 0.08840846678198408 0.9104289298604915 
Dutch/CKTAUS_pharma14.nl,7.194387988210279E-5 7.476045591117435E-4 5.1335446582284135E-6 5.384307150945258E-6 5.466851447981128E-6 5.623547114892444E-7 4.969718031256124E-6 6.192065850881013E-6 0.6146597288003104 0.384493013918845 
Dutch/CKTAUS_pharma15.nl,4.225670085815527E-6 5.057850848539666E-6 4.857555003285541E-6 5.094836001548723E-6 5.172942551652769E-6 5.321213945294625E-7 4.7025360242950534E-6 5.8591679740058266E-6 0.7653757326355863 0.23458876468452994 
Dutch/CKTAUS_pharma16.nl,5.114193966811708E-6 0.001010710147620485 7.013634923139717E-4 6.166117801879208E-6 0.004024615814759688 6.440095819711401E-7 5.6913296295640755E-6 7.091164453131684E-6 0.06282717640669673 0.9314114273231758 
Dutch/CKTAUS_pharma17.nl,4.458537711764995E-6 5.336578173576122E-6 5.1252444533756226E-6 5.3756014991357305E-6 5.45801233389155E-6 5.614454646401279E-7 7.233070195380448E-5 6.1820541691978895E-6 0.03921028515868375 0.9606848866655568 
Dutch/CKTAUS_pharma18.nl,4.534605196038408E-6 5.4276259795016305E-6 2.792863175057257E-4 5.467315085277804E-6 5.55113193816827E-6 5.710243326037646E-7 0.001032822450001196 0.005213686512456529 0.028916309875436176 0.9645363431420688 
Dutch/CKTAUS_pharma19.nl,5.714792628828685E-6 6.840233184311879E-6 6.569353253603239E-6 0.0027701278833824764 0.005533471146123086 7.19640521229221E-7 6.359705718307682E-6 6.98733341660202E-4 0.09291580846111672 0.8980556554424113 
Dutch/CKTAUS_pharma1.nl,6.716684364176052E-5 4.990300755893098E-6 4.792679960439531E-6 5.026791953942405E-6 5.103855352547164E-6 5.250146508598535E-7 4.639731336369812E-6 5.780915895933938E-6 0.56962580236636 0.4302761715000923 
Dutch/CKTAUS_pharma20.nl,4.549255459835378E-6 5.445161387536812E-6 5.229527665760159E-6 5.484978719662215E-6 5.5690663654778405E-6 5.728691805553443E-7 5.062637936503296E-6 6.307840260722669E-6 0.07898354814538518 0.9209782305176388 
Dutch/CKTAUS_pharma21.nl,4.33496237057082E-4 5.058887579237907E-4 5.436561921368815E-6 5.702126148423264E-6 5.789542780003953E-6 5.955487707473921E-7 5.2630651153215085E-6 7.211690292814127E-4 0.07789425771941304 0.9204224014115888 
Dutch/CKTAUS_pharma2.nl,4.484823733109926E-6 5.368040822733345E-6 5.155461150824187E-6 5.407294216542888E-6 5.490190917540397E-6 5.64755556069567E-7 4.990935103607977E-6 6.218501457154712E-6 0.630023924029666 0.3699383959673763 
Dutch/CKTAUS_pharma3.nl,1.5533304300312847E-4 5.955224974390292E-6 5.719392235220379E-6 0.001885469346923951 6.090736480215372E-6 2.2616300042634544E-4 5.536869475488313E-6 6.89871340473033E-6 0.9113945628375265 0.08630827083554996 
Dutch/CKTAUS_pharma4.nl,4.4561360676330666E-6 5.333703562552574E-6 5.12248367976286E-6 6.113672769777027E-4 5.4550723109196485E-6 5.611430353925312E-7 4.95901004140052E-6 0.0014201660567224408 0.6626902450163273 0.33525233410127486 
Dutch/CKTAUS_pharma5.nl,4.964200934355273E-6 8.095147287352219E-5 5.706521947119397E-6 5.985273134354003E-6 6.077030560071479E-6 6.25121571317318E-7 5.52440991643093E-6 6.883189302624128E-6 0.0362313482996202 0.96365193448014 
Dutch/CKTAUS_pharma7.nl,4.895894420568128E-6 5.860065562750169E-6 5.974482378274316E-4 5.902916850376414E-6 7.997094128513501E-5 6.165200107047491E-7 0.0013370439273730826 0.0020781593059463078 0.08263456520090234 0.9132555369898213 
Dutch/CKTAUS_pharma8.nl,5.054048198603838E-6 1.5878386811285633E-4 5.8098045080195365E-6 8.246085223212907E-5 6.187018970653063E-6 6.364356707561473E-7 8.199164783304294E-5 0.007338263903616053 0.08026369967039855 0.9120571127504593 
Dutch/CKTAUS_pharma9.nl,4.987019483761532E-6 5.969136306285756E-6 5.732752664753546E-6 6.012785165501057E-6 6.104964365312654E-6 6.279950181516926E-7 5.549803534111895E-6 0.0014386491847895883 0.7469902573221057 0.25153610903656676 
Dutch/CKTAUS_software11.nl,4.068755992492314E-6 4.870034936756416E-6 0.0013572233716248644 4.9056467000703525E-6 0.0036322638299466498 5.123618429163932E-7 4.527914210100678E-6 0.027056565493107563 0.31760382172568513 0.6503312408659535 
Dutch/CKTAUS_software1.nl,0.22717108505980435 0.019528866960436334 0.05662171602948911 0.06029227027206898 0.05045293453834141 6.507988905561614E-7 0.02343296861512171 0.015547220054368887 0.1592287440434153 0.38772354362806327 
Dutch/CKTAUS_undef1.nl,5.4764520012795665E-6 0.0029855485327437256 0.03500946991048503 6.602887648643269E-6 0.09012125983914866 6.896272583552009E-7 0.020197050939546136 0.8478622656037006 1.862062814466816E-6 0.003809774144653025 
Dutch/CKTAUS_undef5.nl,5.316319487227913E-6 2.473538894028682E-4 6.11129449289803E-6 6.409817938741528E-6 0.0017737725023404232 6.694624241499226E-7 0.8891005791610556 0.10885479356278148 1.807615738196815E-6 3.1863743384701274E-6 
Dutch/CKTAUS_undef6.nl,3.51349501690466E-5 4.2054238479816116E-5 4.0388849464783115E-5 4.236175692815163E-5 4.301118522947445E-5 4.424400935471523E-6 0.9997109030004202 4.8716906577679144E-5 1.1946326596606732E-5 2.105838519882717E-5 
Dutch/CSTAUS_business10.nl,8.130704648064773E-6 0.9892453206725347 9.346528299977707E-6 9.803085881685736E-6 0.0030813505058887177 1.0238664656662186E-6 0.0035718689277113047 0.004065517970012876 2.764542221320757E-6 4.873196335644287E-6 
Dutch/CSTAUS_business11.nl,0.009217252845621355 0.990594375923627 1.3763009583371823E-4 1.0205559885205897E-5 1.0362016555110754E-5 1.0659021716143398E-6 9.419736571244426E-6 1.1736607344774244E-5 2.878042846444746E-6 5.073269543491087E-6 
Dutch/CSTAUS_business12.nl,0.0021342980488087337 0.9918249063717061 1.0106406812591343E-5 1.0600082807144878E-5 0.005324528369874796 1.1071074405046815E-6 9.78388141364254E-6 6.764110397264112E-4 2.9893012081629434E-6 5.269390201896469E-6 
Dutch/CSTAUS_business13.nl,0.0011917239530057737 0.991647979444676 1.000013011415602E-5 0.003822456992525495 1.064941077447252E-5 1.0954653479418302E-6 0.0032958606323562206 1.2062126329217799E-5 2.957866389742961E-6 5.213978481013901E-6 
Dutch/CSTAUS_business14.nl,0.0073344783694799034 0.9876172611764612 8.445869947644524E-6 8.858432327488417E-6 0.005004765484259555 9.252037478763054E-7 8.176337202243856E-6 1.0187382474595963E-5 2.4981429806512336E-6 4.403601118961751E-6 
Dutch/CSTAUS_business15.nl,7.826847188004734E-6 0.9752189634554033 0.011480659947290514 0.002019934317859331 0.002374872680117135 9.856029353617406E-7 8.710105169306272E-6 0.008880694740007546 2.6612268490425125E-6 4.691077180538192E-6 
Dutch/CSTAUS_business16.nl,8.353404122481426E-6 0.9807463921953722 0.003417566831596126 0.009224197298503618 0.0016510976958364011 1.0519101019371502E-6 0.0049319111875353195 1.1582541209893235E-5 2.8402628539521874E-6 5.0066728680793264E-6 
Dutch/CSTAUS_business17.nl,7.658384112725903E-6 0.9905643848526013 0.0029017802682522963 0.0016293005608596295 0.004869576008627217 9.64389067567139E-7 8.522631073086255E-6 1.0618850505282332E-5 2.6039472767913284E-6 4.590107624186693E-6 
Dutch/CSTAUS_business18.nl,7.827772936158582E-6 0.9949685506110972 0.004385304729899252 9.437845017991432E-6 9.58253220999288E-6 9.857195110499994E-7 4.818253442698263E-4 1.2913227140912503E-4 2.6615416151013476E-6 4.69163203435546E-6 
Dutch/CSTAUS_business19.nl,0.005135106882934021 0.9822885720963132 9.0712573342946E-6 0.0014403652451424251 0.0038252625665047162 9.937118776000632E-7 0.0072822737227471535 1.0941722825807409E-5 2.6831218069689916E-6 4.729672513940417E-6 
Dutch/CSTAUS_business1.nl,1.0014322137199268E-5 0.9841814157760419 1.151181223668039E-5 1.2074139229887937E-5 0.009999218395499075 1.2610627315183104E-6 1.1144436184725576E-5 0.005612635341032855 3.4049959461734884E-6 1.5731971895992803E-4 
Dutch/CSTAUS_business20.nl,7.34068702359092E-6 0.9896247842895428 8.438375513197593E-6 0.003669165291926469 0.006664103928732934 9.243827692344965E-7 8.169081937415241E-6 1.0178342710709598E-5 2.49592625591789E-6 4.399693587810897E-6 
Dutch/CSTAUS_business21.nl,7.4707849504892585E-6 0.9897795591204318 0.0032822361820952625 9.007429201192658E-6 0.0024926028143929736 9.407654704110308E-7 8.313861386709961E-6 0.00441285121216141 2.5401611934029657E-6 4.477668716422512E-6 
Dutch/CSTAUS_business2.nl,9.809482258249835E-6 0.986135426546566 3.0772115910540783E-4 1.1827166425899372E-5 0.007126684101916909 1.23526808124315E-6 0.005346923194217265 0.0010511583498514809 3.3353478014581683E-6 5.879383776023482E-6 
Dutch/CSTAUS_business3.nl,1.0388447315430245E-5 0.9865728912156178 1.1941882165109326E-5 1.2525217139054417E-5 0.010372779312866648 1.3081747889023241E-6 0.002209149706832178 7.992574493961752E-4 3.532203229680566E-6 6.226390649011938E-6 
Dutch/CSTAUS_business4.nl,1.032040727721231E-5 0.9914950521171196 1.1863667770384403E-5 1.2443182141238777E-5 0.002975542292236722 1.2996067844710508E-6 1.148506296537377E-5 0.004224758626907058 0.0012510494264353716 6.185610362521066E-6 
Dutch/CSTAUS_business5.nl,8.692428461084177E-6 0.9895530637997726 0.0021114898008290973 1.0480349048799775E-5 0.003294230942497499 1.0946020537869379E-6 9.673367098408267E-6 0.0050031093052849435 2.955535408877144E-6 5.2098695448847474E-6 
Dutch/CSTAUS_business6.nl,0.0010746857379439671 0.9949985487436961 2.766030881338799E-4 1.0631153108832867E-5 0.0018760635407128108 1.1103525247934864E-6 0.0017418484366539869 1.2226048454374442E-5 2.998063261447215E-6 5.2848355098495645E-6 
Dutch/CSTAUS_business7.nl,0.004890243791276301 0.9918809916332039 0.0015932302731965057 1.4246012768357664E-4 1.0688750948859665E-5 1.0995121256214376E-6 0.0014609771936987227 1.2106685240815866E-5 2.9687930956472254E-6 5.233239530008799E-6 
Dutch/CSTAUS_business8.nl,0.00902901880878525 0.9775059418883151 9.531547356868113E-6 9.99714271714725E-6 0.0036434988408250153 1.0441343985049527E-6 0.005772469715112411 0.0040207089911968585 2.8192676742489524E-6 4.969663618588784E-6 
Dutch/CSTAUS_business9.nl,0.005595467999753678 0.9921343397828496 9.884493407579272E-6 1.0367329414889507E-5 1.0526266097864794E-5 1.0827979122626061E-6 0.0022183313352987836 1.1922645687756052E-5 2.9236630419965408E-6 5.153686535526813E-6 
Dutch/CSTAUS_electronics1.nl,6.741027220737382E-6 8.068568902925941E-6 7.749045675215637E-6 0.05928930843053274 8.252169678142808E-6 8.488700566806237E-7 7.501750657884884E-6 0.9406651978197526 2.2920343529187986E-6 4.040283170093341E-6 
Dutch/CSTAUS_electronics2.nl,7.058070417086849E-6 0.009393494783712184 0.004167395573539465 0.07156949117767651 0.00832720443607406 8.887940129624585E-7 7.854572109113555E-6 0.9065199824541254 2.3998330419905015E-6 4.230305291123024E-6 
Dutch/CSTAUS_electronics3.nl,0.054506135067848745 0.008195441526324936 0.06874526661319237 0.34514998730774404 0.014741719043289362 1.3638361694878452E-6 1.205267967833619E-5 0.5086378601145711 3.6824945439151324E-6 6.491316637900308E-6 
Dutch/CSTAUS_hardware10.nl,5.601605604688791E-6 6.7047557157770495E-6 0.985057314797044 0.011941121669406408 0.0011918300207070629 7.053873410460036E-7 0.0015297700713936286 2.616897135422224E-4 1.9046166195490838E-6 3.357362625758541E-6 
Dutch/CSTAUS_hardware11.nl,0.011816414205412122 0.021156027789902603 0.9471242050149455 0.003394771537841319 0.002937117829311134 7.629930814302942E-7 0.0046759529994887545 0.008889055929124335 2.060157900392957E-6 3.631542992404436E-6 
Dutch/CSTAUS_hardware12.nl,0.04174664854634482 0.30157158181818006 0.5587930579855745 0.0011401683853812837 9.16413868248793E-6 9.426809222593887E-7 0.06787688778148568 0.028854516544819235 2.5453331056447116E-6 4.486785503856746E-6 
Dutch/CSTAUS_hardware13.nl,5.93676876439412E-6 0.0340951051057297 0.9318650758349056 0.005837999850919177 0.0070042779781748265 7.47593070389609E-7 0.012475638011405315 0.008709642035628514 2.018576324905887E-6 3.5582450772085167E-6 
Dutch/CSTAUS_hardware14.nl,0.013791582127946025 0.021228784303426423 0.9141469713922948 0.029082705089826293 0.010701403832556867 6.96311134526021E-7 0.005269919073526023 0.0057727435958381795 1.880109950979182E-6 3.314163499858905E-6 
Dutch/CSTAUS_hardware15.nl,0.013762522143297616 0.006974709878446842 0.9527860520843701 0.016800911835920807 9.898521285420967E-4 7.444543412531788E-7 0.0018824803983146239 0.006618516392728196 2.0101014412077425E-6 1.8220058259734695E-4 
Dutch/CSTAUS_hardware16.nl,0.028904727623775113 0.04572307638010362 0.8935360231261991 2.0101189939528605E-4 0.015568470158405748 8.05469183911957E-7 0.011991710426836598 0.004068166356148134 2.1748476403594833E-6 3.833712312239911E-6 
Dutch/CSTAUS_hardware17.nl,0.020736687019307257 0.009003877171210121 0.9128214133659202 0.030711989760905146 0.0036259314598805813 8.149206272142247E-7 0.020737417318621807 0.0023557899186262424 2.200367485903537E-6 3.878697415680319E-6 
Dutch/CSTAUS_hardware18.nl,0.005406661806769722 0.0038141363767116637 0.9790570945931083 0.005319329288041573 0.0035486827398370237 7.378631105606244E-7 0.001600200113666962 0.0012476529799513956 1.9923044567853893E-6 3.51193434609797E-6 
Dutch/CSTAUS_hardware19.nl,0.007295987562284001 0.00875516864094575 0.9405779823422707 0.005676951061097409 0.01231962092433308 6.751024602366282E-7 0.011265933631690853 0.013778616829441611 3.2585068681384286E-4 3.2132186625224357E-6 
Dutch/CSTAUS_hardware1.nl,0.0020485183742273926 7.702943396758574E-6 0.9973217480470616 5.912115035153673E-4 7.878224341386024E-6 8.104036882479734E-7 7.161810401511057E-6 8.923323484103635E-6 2.1881712973359142E-6 3.85719858633411E-6 
Dutch/CSTAUS_hardware20.nl,0.014138884369298083 0.00748863073882416 0.9143999090897569 0.007488674519646549 0.014140005694051579 6.29893629414653E-7 0.0071858811057181485 0.03401895189827517 1.7007760209478978E-6 0.001136731914779076 
Dutch/CSTAUS_hardware21.nl,0.03700919809088087 0.002452610897659741 0.9216688052330191 0.004058206636765442 0.0041347549931343664 6.371655494817379E-7 0.023324354328445214 0.006582131278644623 1.7204109350013087E-6 7.675809649661861E-4 
Dutch/CSTAUS_hardware2.nl,0.0011837526800349855 1.269123452865608E-4 0.9772400270071215 0.010710710577403965 0.009299690415622874 9.800395457789157E-7 1.2625794089211033E-4 0.0011867611900194194 2.646205138779381E-6 1.2226159893403835E-4 
Dutch/CSTAUS_hardware3.nl,0.02107420235038776 1.011336527472218E-5 0.9509050344577625 0.009585529574050879 1.034349551551581E-5 1.063996981034899E-6 0.00894638900494499 0.009459386654846405 2.8728986406589855E-6 5.06420159560748E-6 
Dutch/CSTAUS_hardware4.nl,0.006690933104732473 8.404130872826344E-6 0.9720398052420852 0.00838987870266068 0.004676724192158708 8.841735301758951E-7 0.0031906288471491378 0.004996145935901662 2.3873572747154904E-6 4.2083136344573894E-6 
Dutch/CSTAUS_hardware5.nl,0.043892169654603644 0.037355216803728046 0.8693936185351301 0.02028895608892685 0.0063257349103927685 9.235632462901672E-7 0.012641675082500359 0.010094815855025089 2.493713461713848E-6 4.395792985199908E-6 
Dutch/CSTAUS_hardware6.nl,3.58089168607277E-4 9.251157421925913E-6 0.9729589577421979 0.02103092643144509 0.001410902176446151 9.732866657758655E-7 8.601262145876026E-6 0.0042150383467394106 2.627971684994177E-6 4.63245664570542E-6 
Dutch/CSTAUS_hardware7.nl,1.1159969023787315E-4 7.409982252169267E-4 0.9899993783984046 0.005974678095260204 8.480206088008526E-6 8.723273155250058E-7 7.709050356564474E-6 0.003149776705440386 2.3553713061703614E-6 4.151930373784421E-6 
Dutch/CSTAUS_hardware8.nl,3.578244851924828E-4 0.007750983234087503 0.9486482113030066 0.010919039272317813 0.006871140449531625 7.3338279859106E-7 6.481150852847043E-6 0.025440115905201156 1.980207164785021E-6 3.490609846659054E-6 
Dutch/CSTAUS_hardware9.nl,3.219554551500375E-4 8.317650628822393E-6 0.992382924323991 0.003368445974031892 0.0011635301228147465 8.750752017718621E-7 1.1273544376584503E-4 0.002634688154323852 2.36279087483831E-6 4.165009217205896E-6 
Dutch/CSTAUS_industrial1.nl,0.11010322005070756 1.7099213772927098E-5 0.016853553183104004 0.7736618129162925 1.7488307420397826E-5 1.7989572549049044E-6 0.099311799438356 1.980824834879037E-5 4.857365147026111E-6 8.562319595923977E-6 
Dutch/CSTAUS_industrial2.nl,0.14118575979989523 0.011233283248271293 0.02639668771616388 0.6719236293203917 0.022909744297866026 1.263739896095849E-6 0.10494521874911175 0.019878597990346636 3.4122245592360464E-6 0.0015224029134979493 
Dutch/CSTAUS_industrial3.nl,0.09329442251028928 0.008435155679451509 0.03179536257978993 0.7090974937923401 0.03211398027061088 1.3243902385496248E-6 0.07311323122900412 0.05213914999197724 3.5759865712499122E-6 6.303569726999058E-6 
Dutch/CSTAUS_leisure10.nl,1.2209092966854063E-5 0.005180075981156673 1.403477778016703E-5 1.472034615352101E-5 0.9665098749955978 1.537441268136391E-6 1.3586886419108162E-5 0.028242491625202117 4.151245734763218E-6 7.317607720725028E-6 
Dutch/CSTAUS_leisure11.nl,1.2073228949310571E-5 7.441623954414462E-4 3.7873436218331685E-4 0.0027509747728476225 0.9617745757758063 1.5203324666887112E-6 0.0011080029846532325 0.029934913037325813 4.105050253668397E-6 0.0032909380600725656 
Dutch/CSTAUS_leisure12.nl,1.201405309614146E-5 1.4380036162949144E-5 1.381057265279554E-5 0.0025559573873049518 0.9730354917129522 1.5128806929176075E-6 1.3369836341943217E-5 0.01998536839926021 4.084929716562474E-6 0.004364010191819423 
Dutch/CSTAUS_leisure13.nl,1.2117440128167455E-5 0.0016623670495176052 0.0027603681960419167 1.4609841506281246E-5 0.9782963259694817 1.525899800074743E-6 0.0014782522379875648 0.013748995505303329 4.120082612596022E-6 0.002021317777620845 
Dutch/CSTAUS_leisure14.nl,1.2286156004485137E-5 1.4705725556088448E-5 5.710590687777239E-4 1.4813260065525034E-5 0.9789223633688199 1.54714550207282E-6 5.706083503541711E-4 0.01988107568077297 4.177448140391744E-6 7.363796006839536E-6 
Dutch/CSTAUS_leisure15.nl,1.2478430582020871E-5 1.4935865655857745E-5 0.006425062269123719 0.0020891008672259824 0.976329898502784 1.571357855203349E-6 1.3886618724824876E-5 0.012273086339449934 4.242823924003643E-6 0.002835736924674623 
Dutch/CSTAUS_leisure16.nl,0.0024211794040013656 1.4678475665476629E-5 3.846996574119739E-4 1.4785810912142536E-5 0.9795173241847775 1.5442786223985563E-6 1.3647310422088028E-5 0.017620621020107443 4.169707277526593E-6 7.350150802125985E-6 
Dutch/CSTAUS_leisure17.nl,1.2320464537460625E-5 1.4746790627212837E-5 0.005226744742188385 1.4854625421886045E-5 0.969741486632151 1.5514658356626232E-6 1.371082624692806E-5 0.019936592682212064 0.0031689710049540593 0.0018690207658255053 
Dutch/CSTAUS_leisure18.nl,1.2099716858000952E-5 1.4482570085808978E-5 1.3909046131929093E-5 1.4588472787693256E-5 0.973940195477996 1.5236679809679274E-6 1.346516724046109E-5 0.021590494945620257 4.114056477003108E-6 0.004395126878821953 
Dutch/CSTAUS_leisure19.nl,0.0028493117051419776 0.0014328358199879791 1.3492165840715593E-5 1.4151228800836891E-5 0.9683367139284368 1.4780007838363799E-6 1.3061590835062874E-5 0.02590914279522159 5.360359953808443E-4 8.937767695703199E-4 
Dutch/CSTAUS_leisure1.nl,0.003125843302023744 5.327712010664938E-4 5.322284390798618E-4 1.380599435927561E-5 0.9921210745270244 1.4419433656138215E-6 1.2742939283221793E-5 0.0036493351862210816 3.893391812963532E-6 6.863075763442997E-6 
Dutch/CSTAUS_leisure20.nl,1.2209092966854065E-5 1.4613486137876001E-5 1.4034777780167033E-5 0.0029664132004499776 0.9742580687381263 1.5374412681363912E-6 0.0025963181339285074 0.018465009045345107 0.00166447847627652 7.31760772072503E-6 
Dutch/CSTAUS_leisure21.nl,1.20490500397883E-5 1.4421925216643759E-5 1.3850802858954333E-5 1.4527384457494396E-5 0.9771443824195529 1.8357982401533905E-4 0.0036546595086846584 0.018769148034914196 4.096829119199354E-6 1.8928422114087686E-4 
Dutch/CSTAUS_leisure2.nl,5.663829105680292E-4 7.535097563084506E-4 1.4052925244741287E-5 3.84178067290077E-4 0.9727470287607745 1.5394292341295492E-6 1.3604454744294873E-5 0.019043042986610286 4.156613442474066E-6 0.006472504095783128 
Dutch/CSTAUS_leisure3.nl,5.583383114291335E-4 0.0034742426443457966 0.0011064274596489958 1.453002983157805E-5 0.9725878282825424 1.5175640068068365E-6 0.0012880810480861372 0.020957714085096592 4.097575134120952E-6 7.222999878470131E-6 
Dutch/CSTAUS_leisure4.nl,1.1728745272985688E-5 1.4038541350022938E-5 5.451506843212199E-4 0.0017863681403000335 0.9612702519672118 1.4769530427119205E-6 8.991658031811739E-4 0.028371893763291783 3.987921454999931E-6 0.007095937480573166 
Dutch/CSTAUS_leisure5.nl,1.238965966194246E-5 0.005069477661392119 1.4242345487853822E-5 5.765656140617104E-4 0.9720052659124048 1.5601792953947284E-6 1.3787830025967432E-5 0.022107863138321283 4.212640690544208E-6 1.9463501865849358E-4 
Dutch/CSTAUS_leisure6.nl,1.1908128475059125E-5 1.4253251316110079E-5 1.3688808610014069E-5 0.003433088185898768 0.9774116938990183 1.4995420375231556E-6 7.329847389416466E-4 0.014051300624461797 4.04891400821557E-6 0.004325533907232635 
Dutch/CSTAUS_leisure7.nl,1.2016234447982658E-5 1.4382647098501824E-5 0.002737313414018153 1.9605450804276872E-4 0.9788407299019584 1.513155381655754E-6 1.3372263858859248E-5 0.018173330187210405 4.085671403725589E-6 7.2020165797178815E-6 
Dutch/CSTAUS_leisure8.nl,1.9418229298140212E-4 1.4427178514067609E-5 1.3855848120657204E-5 0.0029285943398854705 0.9756790262528209 1.517840399000241E-6 5.598002288822087E-4 0.02059727338158047 4.098321420784236E-6 7.224315395160311E-6 
Dutch/CSTAUS_leisure9.nl,7.320360620289264E-4 0.0014545039535293586 1.3696201814077506E-5 1.4365231487783761E-5 0.9705583398855753 1.5003519268715247E-6 1.3259115415708391E-5 0.02522077288947552 0.0019843852315089396 7.141077237498585E-6 
Dutch/CSTAUS_software10.nl,0.8496983722621719 0.026801382944257317 0.01265409470886174 0.08589291280526956 1.0142779636861521E-5 1.0433500838023747E-6 0.016409603724127555 0.008524664345052288 2.81714994583144E-6 4.96593059317701E-6 
Dutch/CSTAUS_software11.nl,0.07570236162045298 0.0124732320082821 0.011821118756803346 0.8708883158595536 6.601415435364463E-6 6.79063096537216E-7 0.02901366632514532 7.477137338329267E-6 1.8335385172483496E-6 8.471427537523904E-5 
Dutch/CSTAUS_software12.nl,0.1198333131725537 0.008220139413597477 6.577304665500693E-6 0.8380219375884203 7.004350780658117E-6 7.205115595158671E-7 0.033896999332265594 7.933524751714565E-6 1.9454535274140275E-6 3.4293478782288075E-6 
Dutch/CSTAUS_software13.nl,0.10638101835648699 0.007243185453280044 0.003108181157918828 0.8542008954377643 1.9555453057446795E-4 7.831404924629876E-7 0.02885591679941512 8.623129495937284E-6 2.11455793234824E-6 3.7274366395836655E-6 
Dutch/CSTAUS_software14.nl,0.2047097839447345 0.023751781468699548 6.521486521031218E-6 0.7364444513600793 6.944908519173656E-6 7.143969547702586E-7 0.034980885059693746 9.358818652070498E-5 1.9289434808866966E-6 3.4002447964897027E-6 
Dutch/CSTAUS_software1.nl,0.8492026585834282 2.4652215608186737E-4 0.1160932192643318 0.001847770303354463 0.009133336304545155 6.672113408673121E-7 8.595646002306765E-5 0.023384892519227922 1.8015375873957373E-6 3.1756600791678566E-6 
Dutch/CSTAUS_software2.nl,0.9755849632171526 7.310531567785494E-6 0.021879331003219513 0.0016685520887110377 5.61206249634861E-4 7.691192107265966E-7 9.908519331199656E-5 1.9304519720068854E-4 2.0766990643638645E-6 3.660700926411972E-6 
Dutch/CSTAUS_software3.nl,0.9761623284995175 6.902820181541982E-6 0.013600668345972977 6.95329653370291E-6 7.0598942738328916E-6 7.262251124405474E-7 0.0014006782943514675 0.008809265201249663 1.960880693771851E-6 3.456542113131251E-6 
Dutch/CSTAUS_software4.nl,0.9996538289710672 6.024063033602242E-6 2.3392901037806615E-4 6.068113540370015E-6 8.220897633303416E-5 6.337736952245895E-7 5.600871650123458E-6 6.978457502372875E-6 1.711252588071417E-6 3.0165102117946153E-6 
Dutch/CSTAUS_software5.nl,0.9785822301208471 4.932416439782721E-4 0.005736868083249604 0.007193876482314309 7.867513598507237E-6 8.093019138941706E-7 7.152073650381207E-6 0.007971917629472377 2.185196395997121E-6 3.851954579499523E-6 
Dutch/CSTAUS_software6.nl,0.980328570226425 7.2291375243739796E-6 0.004935021114645192 0.008494527888901286 9.865434546991001E-5 7.605559863090495E-7 6.721289466803302E-6 0.006122841920691299 2.053577498957823E-6 3.6199433908814597E-6 
Dutch/CSTAUS_software7.nl,0.9909540977658149 8.365276517875411E-4 2.453232703327787E-4 9.42892310300246E-6 9.573473517294109E-6 9.847876769645919E-7 0.007925874446522681 1.0843458799789072E-5 2.6590255695438847E-6 4.687196875472235E-6 
Dutch/CSTAUS_software8.nl,0.9265855184532547 0.00916444561992353 0.005932609032275994 0.05408233973915469 8.726840061423252E-6 8.976976366838703E-7 0.0042088815472272395 9.884513754328344E-6 2.423873719682372E-6 4.272682991680789E-6 
Dutch/CSTAUS_software9.nl,0.8723275791550759 0.01520962637483811 0.02440795857733615 0.05616781936282373 0.002428538330048358 8.069510274698208E-7 0.007947006536522284 0.021504645098264236 2.178848766696247E-6 3.840765297017062E-6 
Dutch/CSTAUS_undef10.nl,0.006083204694830186 9.436299188982175E-6 9.062612502931775E-6 9.505301415381262E-6 9.65102274989112E-6 9.927648786021832E-7 0.9936215623976774 2.4917917676587915E-4 2.680564814625772E-6 4.725165176117486E-6 
Dutch/CSTAUS_undef11.nl,0.0013263047959904415 0.004084464715597034 9.118007324063129E-6 9.56340215305865E-6 9.71001420282943E-6 9.988331103463815E-7 0.9945413911219116 1.0998112520345421E-5 2.696949649394903E-6 4.754047540850885E-6 
Dutch/CSTAUS_undef12.nl,8.41333593699518E-5 1.0070213112666084E-4 9.671422814634067E-5 1.0143850786840145E-4 1.0299361423392423E-4 1.0594570708363052E-5 0.9993077348440397 1.1665640590841539E-4 2.8606404274584482E-5 5.042593432350032E-5 
Dutch/CSTAUS_undef1.nl,0.0059299129917865295 0.01184238122000654 2.4971022589360905E-5 2.6190802738767007E-5 2.6592321697524243E-5 2.7354534028106707E-6 0.9820966905499978 3.011997100080165E-5 7.38599874115903E-6 1.3019668038672127E-5 
Dutch/CSTAUS_undef2.nl,0.04170315465199943 0.01633997634970358 1.6780674621974913E-5 0.023177909738783406 1.787019719565512E-5 1.8382408382305161E-6 0.9187085166199396 2.0240798356536522E-5 4.963434764842688E-6 8.749293796889512E-6 
Dutch/CSTAUS_undef3.nl,0.001977787024589792 0.011804267392026026 1.4947520399513395E-5 0.002176939987612065 2.1239641348590104E-4 1.6374277582789734E-6 0.9835853014658007 2.1450804546790624E-4 4.4212192936500975E-6 7.79350356624402E-6 
Dutch/CSTAUS_undef4.nl,0.0034685907219389584 0.04429170123185256 9.791685375179521E-4 0.007345039121228313 9.798520493946984E-4 1.1532202045217825E-6 0.9382083657731005 0.004717526665881973 3.113810299281702E-6 5.488868581323953E-6 
Dutch/CSTAUS_undef5.nl,0.012539029087394403 0.018461553461736432 8.366235159884592E-4 1.0986860945197854E-5 1.1155295376579245E-5 1.1475038187456485E-6 0.9681183091184864 1.2635119906782154E-5 3.0983754839406245E-6 5.461660863177565E-6 
Dutch/CSTAUS_undef6.nl,0.0027697563016648875 0.011860393127937022 1.2346946758926953E-5 6.621301816077469E-4 1.3148599702740209E-5 1.3525476341693271E-6 0.9846558898432389 1.4892849381577517E-5 3.652014365540888E-6 6.437587708597796E-6 
Dutch/CSTAUS_undef7.nl,0.005123805707079594 0.0052364824190811315 8.461839904988147E-6 0.0027895515997633387 9.011243656567923E-6 9.2695317860154E-7 0.9868146387976163 1.0206645388253287E-5 2.5028666191972426E-6 4.411927712014224E-6 
Dutch/CSTAUS_undef8.nl,0.007296443022205774 1.2024699445764213E-5 0.00411014669631545 1.2112629153896653E-5 1.2298322211654152E-5 1.2650827455153509E-6 0.9885323426309434 1.3929776895261636E-5 3.415850387448589E-6 6.021289695937769E-6 
Dutch/CSTAUS_undef9.nl,9.955570483338295E-6 0.0010649248976644602 1.1444275163419123E-5 0.0049761873188980356 4.634767761288983E-4 1.2536643754354834E-6 0.9934496014851729 1.3804049666521913E-5 3.3850196421873706E-6 5.966942804914208E-6 
Dutch/D_CKTAUS_electronics1.nl,0.12813440402665874 8.56496907943123E-6 0.037743592578933276 0.19733540236653654 1.1688412561697358E-4 0.6119842135221794 7.963278643265579E-6 0.024662253233532647 2.433046504024366E-6 4.2888523157368006E-6 
Dutch/D_CKTAUS_hardware1.nl,0.001606273383861507 5.287068511356918E-6 0.44011507135562905 0.002341366035853297 5.407376076302891E-6 0.5558446610596006 4.915651109947305E-6 7.286870941776601E-5 1.5018949209036132E-6 2.6474650192079893E-6 
Dutch/D_CKTAUS_industrial1.nl,4.25720165462939E-6 5.095592075100709E-6 4.893801640325987E-6 0.46418738075318733 5.211542582115423E-6 0.5357785215076306 4.737625923704727E-6 5.902888556638272E-6 1.4475023049448464E-6 2.551584444575371E-6 
Dutch/D_CKTAUS_undef1.nl,3.2320196076572724E-6 3.868516183967848E-6 0.011089530262248988 3.896804416908401E-6 0.03335907375213742 0.5550725331765293 0.007182516561271963 0.3932823128459286 1.0989274672068859E-6 1.9371342079821704E-6 
Dutch/D_CSTAUS_business1.nl,6.257868833416485E-6 0.4810195601840622 7.193638273774582E-6 7.545031859558159E-6 0.0014260175026451214 0.5172282349485082 6.964067952970563E-6 8.676944463165962E-6 2.127754401899819E-6 2.8742205899959597E-4 
Dutch/D_CSTAUS_electronics1.nl,4.0523131702162935E-6 4.850353953406504E-6 4.658275188339768E-6 0.017149543296070855 4.960724052074026E-6 0.5352812090057901 4.509615818952345E-6 0.4475424097952651 1.3778376337582914E-6 2.4287830571586893E-6 
Dutch/D_CSTAUS_hardware1.nl,4.136400675048489E-6 4.951001199649113E-6 0.4973916239025803 6.748869647350763E-5 5.06366153251503E-6 0.5025125121449068 4.6031925801845626E-6 5.735390096887515E-6 1.4064284469111771E-6 2.4791815082350374E-6 
Dutch/D_CSTAUS_industrial1.nl,0.05671311325865677 1.1576581741388476E-5 0.0020571186006814414 0.41315761185234007 1.1840007561710788E-5 0.4780346118076417 0.04999163177613799 1.3410663742128343E-5 3.288553814173019E-6 5.7968976828072124E-6 
Dutch/D_CSTAUS_leisure1.nl,6.75754661633071E-6 8.088341539530853E-6 7.76803529605352E-6 8.147486927243389E-6 0.46367756277459027 0.5362684380650293 7.520134263632519E-6 9.369780392975244E-6 2.2976511559592737E-6 4.050184188708206E-6 
Dutch/D_CSTAUS_undef1.nl,1.5201340243506887E-5 0.0025448290653418857 1.7474470286821227E-5 1.8328060158880883E-5 4.779970490534257E-4 0.4499724700067099 0.5469183426754027 2.1077652563482626E-5 5.168647582573258E-6 9.111032656827808E-6 
