English/CKTAUS_electronics1.en,1.6705369937302343E-6 9.494123738073494E-7 6.307399686664036E-6 0.04367096732658477 6.457327859233926E-6 1.5367476089356783E-6 4.816530409531648E-6 3.261191054157452E-6 2.6346781165841233E-4 1.6505195666258844E-6 1.152195930666004E-6 4.5851342375228785E-6 1.9046382655592903E-6 1.2044509752935247E-5 0.0027316058270306334 0.1407222212343877 6.713680547078575E-6 7.328572555993153E-6 6.9068822269169636E-6 6.424689573091681E-6 0.19803992771002207 0.0038930238603654575 0.6060340753309028 5.235371863154496E-6 7.642277680875351E-6 0.0033738843499745105 4.675933389437144E-6 0.001172609278502514 3.471210990402628E-6 3.4825080048869912E-6 
English/CKTAUS_hardware1.en,1.0608008067904025E-6 6.028824359421904E-7 2.5084526574163863E-4 2.9574985859985048E-6 4.1004411326982265E-6 9.758437613237547E-7 3.0585251111097303E-6 2.0708754815557945E-6 2.7435885724110676E-6 1.0480896229603774E-6 7.316511860667541E-7 0.006009352314249418 1.209456489938371E-6 7.648334464463729E-6 6.705541427427429E-6 3.3465256583499476E-6 4.263226595761371E-6 4.653686634415798E-6 0.9683578231279701 4.0797156292212636E-6 0.02479894552177493 8.59727371976867E-5 4.229922488853296E-4 3.3244918951964833E-6 4.852891231990282E-6 3.156127609514842E-6 2.969245177227188E-6 4.0936922496400355E-6 2.204239375110449E-6 2.211413045687223E-6 
English/CKTAUS_industrial1.en,1.0528311268747182E-6 5.983530464371194E-7 3.9751449651716595E-6 2.935279224049854E-6 4.06963496896652E-6 9.685123543567873E-7 3.0355467479772785E-6 2.0553172215812625E-6 2.7229762928931035E-6 1.0402154407722837E-6 7.261543710892793E-7 2.889712747625994E-6 1.200369976207372E-6 7.590873367922617E-6 6.655163431392857E-6 0.9523438077423974 4.231197442730227E-6 4.618723998012448E-6 4.352959931715363E-6 4.049065173920156E-6 0.04657967122622511 3.664984183828749E-6 6.647999024461034E-4 3.299515352835842E-6 4.8164319933311285E-6 3.13241596953505E-6 2.9469375644291844E-6 3.307103339285472E-4 2.187679166855772E-6 2.194798942433644E-6 
English/CKTAUS_industrial2.en,1.0416874645349995E-6 5.92019794941003E-7 3.933070151735243E-6 2.9042108411813683E-6 4.026560028662755E-6 9.582611617644521E-7 3.00341708623722E-6 2.0335627725213276E-6 2.6941550246075296E-6 1.0292053088179429E-6 7.184684099589787E-7 8.36566283307331E-5 1.1876646929419554E-6 7.510527975849347E-6 6.5847220356153265E-6 0.9324872529886712 4.186412448830558E-6 4.569837239860654E-6 4.306886146072879E-6 4.079937162982959E-4 0.05990302275226206 3.626192258720842E-6 0.005586410947815111 3.264591722599086E-6 4.7654526002966305E-6 0.001457454291037444 2.9157457841750092E-6 4.01993274591907E-6 2.1645237363970953E-6 2.171568152904601E-6 
English/CKTAUS_industrial3.en,1.001083184364795E-6 5.689432595707496E-7 3.779761709609164E-6 7.792716979588791E-4 3.8696074137064524E-6 9.209087830393436E-7 2.8863458983910714E-6 1.954295856704103E-6 2.589138664935811E-6 9.890875747233312E-7 6.904629922068911E-7 2.7476798182062168E-6 1.1413703181104394E-6 7.217772622117913E-6 9.381048835528078E-4 0.9344976701281037 1.5931936715602672E-4 4.391708042825183E-6 4.13900660668111E-6 3.850048649341391E-6 0.05523860094430157 3.484845711472284E-6 0.005601600595426159 3.1373401222307204E-6 2.3752390584118893E-4 4.688668686662831E-4 2.8020919650051845E-6 0.002022713035870534 2.080152049859658E-6 2.086921879726501E-6 
English/CKTAUS_industrial4.en,1.1139617410148293E-6 6.330952650775264E-7 4.205954110925411E-6 3.1057105658468257E-6 4.305930495028221E-6 1.0247471611675099E-6 3.211799930674972E-6 2.1746552624131046E-6 2.881080673381586E-6 1.1006135493665815E-6 7.683171278050541E-7 3.0574983596217777E-6 1.270067149826023E-6 7.856621101256771E-4 7.041582694063713E-6 0.9267662483170694 4.476873783047002E-6 4.886901322309746E-6 4.605706176730895E-6 4.284166354400859E-6 0.070366656779128 1.766845593954582E-4 0.001826644267170089 3.49109536480065E-6 5.096088852062517E-6 3.3142936772433966E-6 3.1180458253341225E-6 4.298843398682439E-6 2.31470254942654E-6 2.322235721077633E-6 
English/CKTAUS_industrial5.en,1.0979295838564026E-6 6.239837467800199E-7 4.145421944671607E-6 0.0012804590389829153 5.152031698103524E-4 1.009998981826519E-6 3.1655756490375294E-6 2.14335758525891E-6 2.8396161091680253E-6 1.0847734996193936E-6 7.572594940579022E-7 3.0134947889350212E-6 1.2517883208518644E-6 7.916031569744482E-6 6.940240110886267E-6 0.9067857422793028 8.957231092663992E-5 4.816568951697432E-6 4.539420771647218E-6 4.222508556150062E-6 0.08050988136435698 5.999410540319674E-4 0.003759032143422729 3.44085145831554E-6 5.022745850807247E-6 0.003835460671879835 3.0731708544456317E-6 0.0022183935525232007 2.2813893092306873E-6 3.4292828762565717E-4 
English/CKTAUS_legal2.en,4.914521929055696E-7 2.793058728004747E-7 3.0680775361462717E-4 1.370162198501485E-6 1.899669357003899E-6 4.520929408856832E-7 1.41696618563057E-6 9.59403773196848E-7 0.494481249334802 4.855633029955095E-7 3.38962392876001E-7 1.3488921731480736E-6 5.603220137082038E-7 3.543352079462194E-6 3.1065710150609673E-6 0.0010688830619967503 0.2281443332388592 0.10017895083763863 2.031922926159987E-6 0.003280126124570366 0.1480694209297196 0.003318065862903764 0.004236582137000387 0.015554101943219757 2.248267556573481E-6 1.4621838754807365E-6 1.3756042079546717E-6 1.8965427064985639E-6 1.021189150359377E-6 0.0013351903497536158 
English/CKTAUS_legal3.en,7.398204586043817E-7 4.2046042705490283E-7 1.1756026582840553E-4 2.062609630582174E-6 2.8597171305436812E-6 6.805699754444198E-7 2.133067241153884E-6 1.444263653147741E-6 0.10822714394339758 7.30955463602175E-7 5.102659354606772E-7 5.184818493404093E-4 8.434954510974896E-7 5.334078061440675E-6 4.6765582211800066E-6 2.3339237031528512E-6 0.2718284859531946 0.05153360452353218 6.044228174578865E-5 0.008438215828126358 0.0963696309565496 2.5753705513122027E-6 8.084596079955824E-6 0.459701322629933 3.3844885805385834E-6 0.00315829216471573 2.0708019023585656E-6 2.8550103451347552E-6 1.5372738924493078E-6 1.5422769318719902E-6 
English/CKTAUS_legal4.en,1.1736928420500416E-6 6.670421017155693E-7 2.775406004392997E-4 0.0021881452103637363 4.53681631451321E-6 1.0796945385913354E-6 3.384018005228648E-6 0.0047361826968067835 0.007559054587659679 1.1596289147040376E-6 8.095146180763084E-7 3.2214427184892453E-6 1.3381686890931175E-6 8.46228185073335E-6 7.419155344775891E-6 0.0030079030021438373 4.716925654140404E-6 0.0028272765256557334 4.8526660954173235E-6 0.005466696310871622 0.00722801204650706 4.085712886885687E-6 6.500804748755439E-4 0.9506965294824966 5.369343297793893E-6 0.006193965423303507 0.0038268129347551255 0.005284639027381903 2.438817881897747E-6 2.4467549854079337E-6 
English/CKTAUS_legal5.en,7.901979811249584E-7 4.490913663410744E-7 2.9835283607942474E-6 2.203061495500629E-6 3.054447436350867E-6 7.269128804912154E-7 2.2783168645312197E-6 1.5426097097698494E-6 0.2711532421683133 7.807293308977922E-7 5.450121138830012E-7 2.1688617679678804E-6 9.009326449320967E-7 2.5086113036313534E-4 1.2757692108300974E-4 2.492850497551984E-6 0.10094938362948228 0.014713296497891796 3.2670957973762727E-6 0.0022708044570199236 0.11224807474846607 4.317874448968704E-4 9.892904395548668E-4 0.4920462877293741 3.614952806965029E-6 0.0018410797634007992 2.211811613915499E-6 3.0494201458988863E-6 1.641953411968479E-6 0.002943613283927727 
English/CKTAUS_legal6.en,4.874203356327264E-7 2.7701445680751604E-7 1.8403392943598575E-6 1.3589214338762579E-6 2.287218648995347E-4 4.4838398559354293E-7 1.4053414426680224E-6 9.515328568871913E-7 0.6794560254232264 4.815797579775622E-7 3.3618155679740393E-7 1.3378259070959584E-6 5.557251507402167E-7 3.514282538094679E-6 3.0810848108655484E-6 1.537672906312895E-6 0.12238094138925179 0.04351718582520529 2.015253098766889E-6 0.004311792388464811 0.1500681995988921 1.6967467767345123E-6 5.326422767735761E-6 1.5275487584401118E-6 2.2298228451038344E-6 1.4501881681104287E-6 1.364318797266797E-6 1.8809835338774268E-6 1.012811348892091E-6 1.0161075312647548E-6 
English/CKTAUS_legal7.en,4.7267743437679067E-7 2.6863565829497883E-7 1.7846749354673518E-6 7.345733694977275E-4 1.8270970214295983E-6 4.3482180867745813E-7 1.3628343730907274E-6 9.227520409767188E-7 0.2325532205273279 4.6701351545609637E-7 3.260131433488821E-7 1.2973609658449025E-6 5.389162479845131E-7 0.0018365468644597114 0.0025327195430970553 1.4911632345482347E-6 0.5504568418254402 0.03879129226716137 2.219309634816358E-4 0.0017616311846231042 0.16041420574442086 0.003044655962600754 5.1653155689354505E-6 0.0075906762989576704 2.1623778584663338E-6 1.40632462898003E-6 1.3230525310909901E-6 3.848686737100239E-5 9.821770552116193E-7 9.853735386433705E-7 
English/CKTAUS_legal8.en,4.7107125178877035E-7 2.67722820309718E-7 0.0013536918448505731 1.313340404863688E-6 3.835908397293783E-5 4.333442614810068E-7 1.3582033907733675E-6 9.196164813889608E-7 0.06109308126276801 4.654265791601322E-7 3.249053336752446E-7 1.2929524655820018E-6 5.370849824512742E-7 3.3964062500812197E-6 2.977738868522395E-6 1.486096184062981E-6 0.700000642997471 0.08177454814835566 1.947657351380268E-6 1.8116848479916328E-6 0.15555760283065256 7.471622543368647E-5 5.1477635570874705E-6 1.4763116210009257E-6 2.1550299856626135E-6 1.4015458645036803E-6 1.318556729548705E-6 7.489428250982416E-5 9.788395663244801E-7 9.820251879387262E-7 
English/CKTAUS_legal9.en,2.535414419739902E-4 3.089611033436458E-7 2.0525761199068973E-6 1.5156388240757918E-6 2.10136627147584E-6 5.000937947684891E-7 1.5674122127242077E-6 1.0612682266466517E-6 0.7401886653803352 5.371178641268536E-7 3.749516393798993E-7 1.4921104591493882E-6 6.198140620791337E-7 3.9195665920984545E-6 3.4364104084351885E-6 1.715004780585056E-6 0.08091931767773763 0.02517566698164637 2.2476618299540886E-6 0.002827232956321483 0.13397907904713519 1.8924238188728567E-6 5.9406915947994885E-6 0.012398596401526152 2.4869767968927746E-6 0.0025315955305649156 1.5216586375090176E-6 2.097907649642319E-6 1.1296136506337616E-6 0.0016877853564217183 
English/CKTAUS_pharma12.en,6.7953556329591E-7 0.34354808251840474 2.56570337268558E-6 1.8945361416758814E-6 2.1345682034702588E-4 6.251131558301683E-7 1.9592524543048265E-6 1.3265766087909403E-6 1.7575080958379641E-6 0.0065364054131338755 4.68686484472318E-7 1.8651258778323222E-6 7.747625114076232E-7 4.8994262026535105E-6 4.295484922261453E-6 2.1437419577494445E-6 1.0814603381137941E-4 2.9810927256819254E-6 2.80955891566712E-6 2.6134141682810434E-6 0.061899566261324354 2.365514305434309E-6 7.425815935904625E-6 2.129627408099619E-6 3.1087006682451316E-6 5.472930779970539E-5 1.9020608592630986E-6 5.5329899835246414E-5 1.4120078301379506E-6 0.5875322804991782 
English/CKTAUS_pharma16.en,7.728144614070331E-7 4.392118313278034E-7 2.9178938928157032E-6 2.1545964729852382E-6 2.9872528237278624E-6 7.109215660446214E-7 0.0018604494725446257 6.145129574214829E-5 1.998758778592525E-6 0.3805764694526565 5.33022423888216E-7 2.1211491032819377E-6 8.81113079744897E-7 5.571963597670279E-6 4.885120140848258E-6 2.438010423528583E-6 3.1058452674333615E-6 3.390303162395456E-6 3.195223145748907E-6 2.972153882716119E-6 0.10558275231236366 2.69022515177588E-6 1.2833039095110958E-4 2.421958389352878E-6 3.535427669087831E-6 2.2993016625420118E-6 2.1631540980508055E-6 2.9823361283479865E-6 1.605832173753932E-6 0.5117317734864151 
English/CKTAUS_pharma18.en,0.0697881550747512 0.001120831925252 2.597188392710343E-6 1.9177849353569166E-6 5.601325681061827E-5 6.327842297503209E-7 1.983295413991466E-6 1.342855689037246E-6 1.779075350330529E-6 0.3669184257605706 4.7443796903832257E-7 1.8880137635627713E-6 7.842700068748689E-7 4.959549494278969E-6 4.348196950562647E-6 2.170048879736696E-6 2.7644820457636027E-6 3.017675194708938E-6 2.8440364081404374E-6 2.6454846711682113E-6 0.11510647563930969 2.394542706015747E-6 7.5169418103651015E-6 1.622187592891958E-4 3.1468490776960037E-6 0.0013892592363582083 1.925401992489865E-6 5.6008880508860854E-5 1.4293352793202316E-6 0.44535004921688875 
English/CKTAUS_pharma19.en,0.00902368091290319 4.623244215852482E-7 3.0714418647714418E-6 2.267977538562857E-6 3.144450662186561E-6 7.483323043015946E-7 2.345450403921458E-6 1.588064690737085E-6 2.1039392163175766E-6 0.4516489510709105 5.610715974364664E-7 2.2327700720315527E-6 9.274797851249712E-7 0.007198920330914773 5.142189218046109E-6 1.287602556266358E-4 3.26928378149205E-6 3.5687106693245744E-6 6.646034002093016E-5 3.1285571714563574E-6 0.1322132101833421 2.8317925395333875E-6 8.889555273005228E-6 2.5494088082190206E-6 3.7214720451089183E-6 2.420297531537472E-6 2.276985490481231E-6 6.623625027615862E-5 1.6903356830104849E-6 0.39959483876523755 
English/CKTAUS_pharma20.en,0.003599018895569928 3.8773158193507483E-7 2.575886017368558E-6 1.9020550889459057E-6 2.6371153515661285E-6 0.0020114627881597873 1.96702824467827E-6 1.3318414645789768E-6 1.764483212547829E-6 0.002593593123588557 4.7054658567883453E-7 1.8725281030097073E-6 7.778373529701138E-7 0.0014336701929305795 4.312532643821992E-6 2.1522499415172277E-6 9.023259732870111E-4 2.9929239483851398E-6 2.820709362931874E-6 2.623786165359261E-6 0.05992272833563327 2.3749024490214327E-6 3.249555809728809E-4 2.138079374696643E-6 3.1210383354390376E-6 2.029799307245862E-6 1.909609670283682E-6 2.6327749446336266E-6 1.4176117413994573E-6 0.9291660320389701 
English/CKTAUS_pharma21.en,0.006421038885685034 0.0016608345035196274 2.6942184462084037E-6 1.9894327123906288E-6 2.7582605662912927E-6 0.017103074714033363 2.0573906396832867E-6 1.393024309732291E-6 1.8455409855937096E-6 0.0018271768788770972 4.92162806268655E-7 1.958549299990452E-6 8.135700610941084E-7 3.9257826056279463E-4 4.510644073735298E-6 2.2511211498443422E-6 2.8677621318550648E-6 3.1304144886331713E-6 2.9502886174937673E-6 1.6878721506850459E-4 0.0576388561500483 2.484001987260121E-6 7.797772137517605E-6 5.557126196469548E-4 3.264414262884793E-6 2.1230453128782117E-6 1.997334340124301E-6 2.753720767424904E-6 1.4827347473789873E-6 0.9141783253687141 
English/CKTAUS_pharma2.en,0.2758279769287027 3.89711317258721E-7 2.5890383443284102E-6 1.9117668736509694E-6 5.583748567506357E-5 6.307985354886862E-7 1.9770717786075005E-6 1.3386417710687515E-6 1.7734925631053146E-6 0.005744863278442051 4.7294916968408966E-7 1.882089124610133E-6 7.818089460914196E-7 1.6450470238115023E-4 4.334552189319787E-6 2.16323920685711E-6 2.7558070253117953E-6 0.001013559407545211 2.8351117439183956E-6 2.637183067740366E-6 0.0620902320535241 2.3870285653544807E-6 7.493353440876541E-6 0.0010658871035469806 5.632387954206733E-5 2.040163346637268E-6 1.919360028249802E-6 2.6462177432085813E-6 1.4248499860264683E-6 0.6539344309258732 
English/CKTAUS_pharma3.en,0.002447644737609168 4.2687831628932274E-7 2.835956463901422E-6 2.0940932121302554E-6 2.9033677254740006E-6 0.5241602609629884 0.0025655779948754198 1.466308829232744E-6 1.942631598731408E-6 7.421127352473381E-7 5.180546119761407E-7 2.061585078594583E-6 8.563705281000962E-7 0.0012871216814868748 0.0010534166372393363 2.369548610622363E-6 3.018629972714914E-6 3.295100000604478E-6 3.1054980292823077E-6 2.888692778086178E-6 0.08665481328531316 2.614680892719791E-6 1.247267430213517E-4 6.0613319347325484E-5 3.4361492635122496E-6 2.23473493275417E-6 2.10241053037822E-6 2.8985890959021973E-6 1.560738772685033E-6 0.38160045250614005 
English/CKTAUS_pharma5.en,0.37750604091484385 0.016540306762820735 2.8349654840487392E-6 2.0933614645843127E-6 2.902353189828797E-6 6.907167209077381E-7 2.1648695408924194E-6 1.4657964509483534E-6 1.941952777035789E-6 0.0026797365067567232 5.178735860367117E-7 2.0608646904985446E-6 5.9095085486112366E-5 5.413604832123684E-6 2.3770233871744763E-4 2.3687206095712293E-6 3.0175751605117856E-6 3.2939485803500634E-6 3.104412862419298E-6 2.88768337036779E-6 0.08074239270539353 2.6137672340939057E-6 8.205130839873031E-6 2.353124784462942E-6 3.4349485558376804E-6 6.04729682432616E-5 2.1016758764777836E-6 2.897576230073047E-6 1.560193397359735E-6 0.5221143276015 
English/CKTAUS_pharma7.en,0.006934987147767294 0.3306093327726918 1.7471314917348848E-4 2.059890945552603E-6 2.855947793856631E-6 6.796729295970705E-7 2.130255687338945E-6 1.442359997742303E-6 1.9109031143367746E-6 0.0053303588525674805 5.095933640059199E-7 2.0279137587019627E-6 8.423836563975092E-7 5.327047318464793E-6 4.670394142123394E-6 2.330847404401094E-6 2.969327493518651E-6 3.2412820100929423E-6 3.0547767572593503E-6 2.84151252847516E-6 0.10495339930469545 2.5719760062370524E-6 8.073939933486411E-6 5.9623338149514007E-5 3.380027552964467E-6 5.179687704955013E-4 2.0680724192573156E-6 2.8512472123686208E-6 1.5352476420838556E-6 0.5513602420447913 
English/CKTAUS_pharma8.en,0.005987173536603174 0.29592584400186495 2.33049364120447E-4 2.069020921341772E-6 2.868606101942958E-6 0.00477831545053439 2.1396975380797013E-6 1.4487529147494311E-6 0.004088810051330684 0.006447659368401336 5.118520151669147E-7 2.0369020032298806E-6 8.461173212328761E-7 0.0029410045259085616 4.691094551305504E-6 5.99030188737032E-5 2.9824883301078257E-6 3.255648220276015E-6 3.0683163273493634E-6 2.854106855687292E-6 0.10852691962836511 2.5833756770390265E-6 8.109725748398159E-6 2.325763845351221E-6 3.395008719706287E-6 2.20797875793605E-6 5.9639079201051305E-5 2.8638846862475483E-6 1.542052261441432E-6 0.570899881582 
English/CKTAUS_pharma9.en,0.0023579407262979365 0.003929106468405004 2.732021171819588E-6 2.017346551023222E-6 2.7969618703738922E-6 0.3970795054382458 2.086257999691314E-6 1.412569909616602E-6 8.998589181117711E-4 0.002301807838201418 4.990683693819904E-7 1.986029811783292E-6 8.249853068876695E-7 6.225834180569838E-4 4.573933166158036E-6 2.282706753181317E-6 5.080259586184705E-4 3.1743375046490457E-6 2.9916842776110357E-6 2.7828247468075752E-6 0.11266358431707162 5.864307279430997E-5 7.907183102655922E-6 2.2676772494263065E-6 3.3102174370241202E-6 2.152833877178108E-6 2.0253590469255533E-6 2.7923583733425984E-6 1.5035390792950642E-6 0.47952682394859203 
English/CKTAUS_software1.en,0.015180768116211146 0.14352596574134383 7.698909709153722E-4 0.03200614296292654 0.004441666027463223 0.0252094164755207 0.005701410397420993 1.3792831001105498E-6 1.8273360157512009E-6 0.021428149615176906 4.873079647258957E-7 0.03293774071228714 0.010906337150516187 0.04384642717478384 0.008882336100140616 2.228915415609962E-6 0.004989791112478238 0.0018663561914006774 0.01375813944258969 2.7172482704823408E-6 0.18048364182851545 0.006359452796873164 0.1513699233404793 2.2142400778506006E-6 0.0075658621708606455 2.1021029571153597E-6 1.9776320351030595E-6 0.008990199840373927 0.02586785463079796 0.2538975931350877 
English/CKTAUS_undef1.en,7.634784221492998E-7 4.339059020206943E-7 2.882644071165588E-6 2.128567719305163E-6 2.95116510665238E-6 7.023332282465971E-7 2.201278421911543E-6 1.490448286808556E-6 0.011608796843707825 7.543299425176146E-7 5.265832091436934E-7 2.095524412895462E-6 1.193074302730179E-4 0.08551699088412087 0.003084187105185701 2.4085578677581007E-6 0.018242360402289173 0.006102852865758769 0.0018389295269230963 0.6486821746117968 0.21895423124635444 2.6577256983062937E-6 8.343125128606073E-6 0.005628148372976301 1.8114815999974664E-4 2.271524787678955E-6 2.1370219633814306E-6 2.94630780775559E-6 1.5864328056466085E-6 1.5915958321619689E-6 
English/CKTAUS_undef2.en,5.40509598599058E-7 3.071865531847405E-7 2.040786935960028E-6 1.5069335952071753E-6 9.663439448946547E-4 4.972214541619536E-7 1.558409618025204E-6 4.297928785456122E-5 0.02108922785152269 5.340328719358559E-7 3.727980657292274E-7 1.4835403678863379E-6 6.162540956935565E-7 0.017108936028053637 3.4166730286473846E-6 1.7051544726564057E-6 0.08338923723865459 0.6784184022596431 2.2347521509869145E-6 0.10074572739904435 0.09434590157574206 4.380566961839189E-5 5.906570616140783E-6 0.003816788404635821 2.4726925875785324E-6 1.6081409972789869E-6 1.5129188332172527E-6 2.085858099350221E-6 1.1231255974078378E-6 1.1267807961775916E-6 
English/CKTAUS_undef3.en,4.5924145467439425E-7 2.6099961944546174E-7 1.7339450836394762E-6 1.2803590873397381E-6 0.0011060146452020747 4.224618850368205E-7 1.3240954495821033E-6 8.965225728633224E-7 0.03024310136046936 4.5373853413043605E-7 3.1674613447945017E-7 1.260483141062012E-6 5.235974126803517E-7 6.801030555916032E-4 2.9029602728419112E-6 1.4487765295878727E-6 0.10536766477467083 0.7749287879642766 1.8987467221969718E-6 0.0013553500723138944 0.08450627107851996 1.5986539768599038E-6 3.2560414673650555E-4 0.0013906437496741461 3.772154021488744E-5 1.3663494835727423E-6 1.2854444168462717E-6 1.77223958699858E-6 9.542584155258005E-7 3.657799255070454E-5 
English/CKTAUS_undef4.en,4.521547979162136E-7 2.569720764216353E-7 2.121329403474872E-4 1.260601582247722E-6 1.7477684027523787E-6 4.159427819763344E-7 1.3036630389825195E-6 8.826881341706134E-7 0.024024776129137143 4.467367941598529E-7 3.1185835461618E-7 1.2410323461059834E-6 5.155176648584397E-7 3.1889864755200103E-4 2.8581640489233824E-6 1.4264201375853763E-6 0.10889714389418084 0.7802256016155655 1.8694467403378192E-6 1.7389343824760448E-6 0.08365815852693133 1.5739847927220323E-6 1.1015392476610558E-4 0.0025265260543466442 2.068492067751115E-6 1.3452650416016604E-6 1.2656084389065886E-6 1.7448917648050817E-6 9.395330422377307E-7 9.425907412413473E-7 
English/CKTAUS_undef5.en,7.523842146623905E-7 4.276007570851498E-7 0.20332200500877282 2.0976372159106727E-6 0.5153621331712229 6.921275297840478E-7 2.169291349532479E-6 1.4687903825867008E-6 1.9459192717394585E-6 7.433686728168681E-7 5.189313578118423E-7 2.0650740662241064E-6 0.0014014490776023299 5.424662276541644E-6 1.7982988354434885E-4 2.373558789913945E-6 0.02369635918256945 0.1653897850314468 3.110753715462895E-6 2.8935815471565798E-6 0.09018622846008803 2.6191059292533643E-6 4.167276735728241E-4 2.3579311098818807E-6 3.441964537593377E-6 2.2385169559248838E-6 2.1059686102308687E-6 2.9034946133138618E-6 1.563380137490859E-6 1.5684681393745332E-6 
English/CKTAUS_undef6.en,4.965134944051224E-6 2.8218235041771992E-6 0.10977680380322638 1.3842730399831478E-5 0.8180055545906286 3.89683478709275E-4 1.4315590456964639E-5 9.69284351259282E-6 1.2841513134019848E-5 4.905639567906411E-6 3.42453253008728E-6 1.3627839617640239E-5 5.660925824209955E-6 3.5798438755150225E-5 3.1385645492520266E-5 1.5663592430431103E-5 1.9954260224469918E-5 2.1781829330534653E-5 2.0528490196877156E-5 1.9095327325142918E-5 0.06408213299151826 1.7284007450027214E-5 0.006986345723902685 1.556046222287289E-5 2.2714217109749605E-5 1.477242417386591E-5 1.3897710948686342E-5 4.0427673540789584E-4 1.0317060353232702E-5 1.035063710226028E-5 
English/CSTAUS_business10.en,1.1407718430440355E-6 6.483321875192909E-7 4.3071802614225935E-6 1.8014623207729955E-4 2.6985822576533404E-4 1.0494101050851456E-6 3.289099429094324E-6 2.2269934418289715E-6 2.950420637191624E-6 1.127102395856375E-6 7.868084815282751E-7 3.131084228828483E-6 1.300634294654317E-6 8.224922669169339E-6 0.3432323322539492 3.5988115946298733E-6 0.0024821054744848204 5.0045160645704885E-6 5.356138792055596E-4 4.38727486597949E-6 0.0844477996865384 3.9711124181181915E-6 0.003994196049375223 3.5751167629132344E-6 0.5647914906158701 3.394059928066966E-6 3.193088911313712E-6 4.402305147755849E-6 2.3704112952770524E-6 2.3781257703725397E-6 
English/CSTAUS_business11.en,1.160278147630414E-6 6.594181598809142E-7 0.00216428184630645 3.2348400934615127E-6 4.4849628803635434E-6 1.0673541955451552E-6 3.3453404519333844E-6 2.2650732845714667E-6 3.000870518084042E-6 1.146374963607473E-6 8.00262290004896E-7 3.1846233155665976E-6 1.3228741218920912E-6 8.365562401612342E-6 0.29204395098284663 3.660348452803476E-6 1.8465476505105625E-4 5.0900893676443505E-6 4.79720266370992E-6 4.462293828238936E-6 0.07338236416497802 4.0390153286317116E-6 0.017381883274493894 3.636248458032186E-6 0.6147671348350336 3.4520956931894926E-6 3.2476882295343213E-6 4.477581116055667E-6 2.4109434709286573E-6 2.4187898575030736E-6 
English/CSTAUS_business12.en,1.2196607060395826E-6 6.931669101053026E-7 4.605038729452274E-6 9.800222547775104E-5 4.714501436053877E-6 1.121980944303351E-6 3.5165536004281597E-6 2.3809988037211708E-6 3.15445383703425E-6 1.2050459627762976E-6 8.412193848841905E-7 3.347611027120114E-6 1.3905782753932716E-6 8.793708444829497E-6 0.348142435290927 3.847683581229724E-6 1.9410531998356924E-4 5.350598048083887E-6 5.0427215230973455E-6 6.669034653820362E-4 0.06720485148517925 4.245730472028861E-6 0.0113655474971461 3.8223501586376225E-6 0.5722520347789808 3.628772531026623E-6 3.413903577448055E-6 4.706741876084615E-6 2.5343345662242213E-6 2.54258252763654E-6 
English/CSTAUS_business13.en,1.231544353392763E-6 6.999207155495504E-7 4.649907483555412E-6 3.4335293303309105E-6 0.0011510432941460925 1.1329128582471761E-6 9.907438825523526E-5 2.404197837675167E-6 3.185188956076435E-6 1.2167872127772981E-6 8.494157254460538E-7 3.380228154756448E-6 1.4041272417245944E-6 8.879389101398626E-6 0.32392821563834134 8.63597316180332E-4 4.9494236878735295E-6 2.919734454421818E-4 5.091854797608886E-6 4.736375306705799E-6 0.06623575480864366 4.287098340515892E-6 0.012335998764428119 3.859592861563685E-6 0.5950219605697342 3.6641291288657515E-6 3.447166620203519E-6 4.752601565062758E-6 2.5590276125040996E-6 2.5673559371390107E-6 
English/CSTAUS_business14.en,1.022358132531859E-6 5.810344009927769E-7 3.860088934870482E-6 6.372362436209386E-4 3.951844033439236E-6 9.404798705690853E-7 8.224592665243254E-5 1.995828412343692E-6 2.644162854487853E-6 1.0101075930530545E-6 7.051366622873633E-7 2.806073312997678E-6 8.046386697604174E-5 7.371164209166342E-6 0.28928644328904213 3.2252499249999223E-6 4.108730265948912E-6 4.4850403077510675E-6 4.226968478776834E-6 4.797213116334598E-4 0.08495989425861614 5.586465877665408E-4 0.007703101418705326 3.2040146499077193E-6 0.6161520044493413 3.041751767382826E-6 2.861641822845078E-6 3.9453397251507415E-6 2.124359292306205E-6 2.1312729941127294E-6 
English/CSTAUS_business15.en,1.0747731169475884E-6 6.108232862218872E-7 4.057990721853391E-6 2.996453201481914E-6 4.154449986123488E-6 9.886970619725581E-7 5.032813641839645E-4 2.0981519639453167E-6 2.7797256777300426E-6 1.061894508091299E-6 7.412881105799701E-7 8.631369604172386E-5 1.2253868145486721E-6 0.0022585705663534564 0.23767687067209356 2.5348188122833516E-4 4.319379573667347E-6 4.714982546536325E-6 0.0011715363052153206 4.133451497218074E-6 0.08389703425609328 3.741365898356426E-6 0.011515943622584119 0.002671008567228845 0.6571614287309157 3.197698462000546E-6 3.008354512630573E-6 0.0027551516580505485 2.2332724565453222E-6 2.2405406149369837E-6 
English/CSTAUS_business16.en,1.1522931222289615E-6 6.548800491118872E-7 9.372720559229295E-5 3.2125779485019793E-6 3.6196019644027565E-4 1.0600086720763381E-6 3.322317844345929E-6 2.249485067426817E-6 2.980218549965615E-6 1.1384856198128929E-6 7.947548910018519E-7 0.0027738349743251785 1.3137701122304379E-6 9.76845154247877E-5 0.35492146370564265 3.635157962546037E-6 4.630922839946564E-6 5.0550594112676755E-6 3.62270287391804E-4 4.4315843559973E-6 0.06545909573693333 0.004204707882580491 0.01583223688962608 3.6112238237557604E-6 0.5558378789281353 3.428338396842356E-6 3.2253376637998966E-6 4.44676643681536E-6 2.394351376269159E-6 2.402143764070751E-6 
English/CSTAUS_business17.en,1.086090692283273E-6 6.172553772833383E-7 4.100722173712291E-6 3.028006451477539E-6 0.002110238096613066 9.991082392774236E-7 3.1314414864951015E-6 2.1202459227011006E-6 2.8089967436640267E-6 1.0730764691064803E-6 7.490940222692788E-7 0.0021932624959201718 1.2382903821671068E-6 7.830673600689217E-6 0.26191398729835924 6.773590758945524E-4 2.570896514350567E-4 8.900622823096868E-5 0.0030371879277344624 5.096265534316448E-4 0.077619951105938 3.7807632276581357E-6 3.4883494533116514E-4 3.403749017564139E-6 0.6510240223007897 3.231370864737298E-6 3.0400330858068715E-6 1.7267447934952293E-4 2.256789261044344E-6 2.264133954593847E-6 
English/CSTAUS_business18.en,1.0469320129810924E-6 5.950004168658334E-7 0.006987521820642548 2.918832572720629E-6 4.046832413481026E-6 9.630856866416197E-7 3.0185382880840955E-6 2.0438010818432313E-6 2.7077191952718525E-6 1.0343870137792108E-6 7.220856584248602E-7 2.873521409639331E-6 1.1936441879746893E-6 7.548340975588823E-6 0.31191229615677896 3.302773547646292E-6 4.207489637191482E-6 4.592844843975298E-6 4.328569879259558E-6 4.026377872971358E-6 0.06970551640535898 3.6444489255457595E-6 0.005452128080795237 8.448531795378669E-5 0.6039210949357376 3.114864742092381E-6 2.9304255902994145E-6 0.0018717388441170809 2.175421390429363E-6 2.1825012732210524E-6 
English/CSTAUS_business19.en,1.0870064038262347E-6 6.177758014780668E-7 4.104179600109209E-6 3.0305594431194725E-6 4.201736783403621E-6 9.999506136333361E-7 3.134081686927411E-6 2.1220335576372346E-6 2.811365082478263E-6 1.073981208016613E-6 7.497256030827684E-7 2.9835138624862676E-6 1.239334417259706E-6 0.006078346079733887 0.308169505611968 3.429196884004586E-6 4.368543633159741E-6 4.7686494397718036E-6 4.4942585763202445E-6 4.18049928541364E-6 0.07886577123399183 3.783950888277429E-6 0.016621465156529045 1.7203186336003164E-4 0.590024703464008 3.2340953182488276E-6 3.0425962174195795E-6 4.194821178649205E-6 2.2586920192495783E-6 2.266042905302811E-6 
English/CSTAUS_business1.en,1.3594566008973668E-6 7.726167833398276E-7 4.269127173350547E-4 3.7901469806052873E-6 5.2548713469625855E-6 1.2505809142339873E-6 1.0936458010821941E-4 2.6539057333068094E-6 0.0022178602527752776 1.343166735116409E-6 9.376388367032636E-7 3.7313097696102694E-6 1.549964515694177E-6 1.1524659545203921E-4 0.8122511494908075 4.2886999775964005E-6 5.4634871124057696E-6 5.963876510243286E-6 5.6207115857017924E-6 0.0019032376590687869 0.06963553436950497 4.7323704758620055E-6 0.0022292000838677398 4.2604628716573355E-6 0.11103976603700987 4.044697632735811E-6 3.8052006842616713E-6 5.246222396506089E-6 2.824816637836383E-6 2.8340099696625207E-6 
English/CSTAUS_business20.en,1.0015497948110305E-6 5.692084471918957E-7 8.146578480620296E-5 2.792307550107262E-6 3.8714110592678465E-6 9.213380237507124E-7 2.8876912402854042E-6 1.9552067648843773E-6 2.590345476883789E-6 9.895485939491214E-7 6.907848208520372E-7 2.7489605270684868E-6 1.1419023171708284E-6 8.490539819474077E-5 0.2861174654768093 3.159605521597689E-6 4.025104142913215E-6 4.39375504239685E-6 4.140935820706357E-6 3.851843178453811E-6 0.07095656875214898 0.0016348559579183837 0.0066917911912538555 3.138802453930314E-6 0.6343742598425431 2.97984215271396E-6 2.8033980356720426E-6 3.865039134964182E-6 2.0811216203123255E-6 2.087894605634564E-6 
English/CSTAUS_business21.en,1.0574944020928097E-6 6.010033147108194E-7 3.992751962657983E-6 2.948280373535549E-6 4.087660488361825E-6 9.728021588137416E-7 3.0489920095789386E-6 2.064420780186305E-6 2.7350370949932395E-6 1.044822837687712E-6 7.2937070616598E-7 0.004186103654418903 1.2056867410898897E-6 0.0016480955316241928 0.260759555847324 3.336094889362449E-6 2.5032059399847535E-4 4.639181581958577E-6 4.372240374377778E-6 4.066999584102376E-6 0.07213126275985815 3.681217394913493E-6 0.0032104745880383342 3.314083370461228E-4 0.6573415819766066 3.1462902912478286E-6 2.9599903518731303E-6 4.080932640863283E-6 2.197368992492118E-6 8.422807211423823E-5 
English/CSTAUS_business2.en,1.3617540425887813E-6 7.739224829909674E-7 5.141536556074E-6 3.796552217583123E-6 5.263751925060894E-6 1.2526943592155716E-6 3.926240353280488E-6 2.6583907559789256E-6 5.316377685186763E-4 1.3454366474135286E-6 9.392234187734153E-7 0.006235504213712232 1.552583910161215E-6 0.0042347447033428635 0.6876153969779862 9.54904411877351E-4 5.472720245014975E-6 0.001484698232810686 0.002751832440111334 5.237146517180565E-6 0.0770412146004476 4.7403680428481725E-6 0.003183575830600293 4.267662928665119E-6 0.21589997419355944 4.051533052832693E-6 3.8116313615561515E-6 5.2550883581323805E-6 2.8295904949128665E-6 2.8387993631995327E-6 
English/CSTAUS_business3.en,1.4399281837522049E-6 8.183510093934794E-7 5.4366964689223785E-6 4.014500686770283E-6 1.172525937547934E-4 1.3246077169947595E-6 4.151633822306204E-6 2.8110008512868584E-6 3.7241398052742463E-6 1.4226740567487694E-6 9.931413671156904E-7 3.952180669853835E-6 1.6417130112801417E-6 0.004366161799112625 0.6447762243580036 4.51289228619478E-4 5.786892402101731E-6 5.64750231345207E-4 5.953423610325002E-6 5.537795105929596E-6 0.0797886154794331 5.012498096410349E-6 0.004036455192706318 4.512656425133205E-6 0.2658208521573206 4.2841191931303235E-6 4.030445478351252E-6 5.556766933181017E-6 2.9920286444361703E-6 3.0017661657298283E-6 
English/CSTAUS_business4.en,1.4248106108186038E-6 8.097592746046277E-7 5.379617472682016E-6 3.972353093849298E-6 5.507492073448097E-6 1.3107008749758072E-6 4.108046490791678E-6 2.781488608339431E-6 3.6850406642501076E-6 1.4077376321018146E-6 9.827145366527822E-7 3.910687364703302E-6 1.6244769321033347E-6 0.007083174315045401 0.6655248304761673 4.494873341792088E-6 5.726136755441836E-6 6.250581686680836E-6 5.890919579464808E-6 5.479654691463179E-6 0.051874976729015 4.959872690221994E-6 1.5570018569955945E-5 4.4652787757469255E-6 0.27540761965238436 4.239140919151673E-6 3.988130483644293E-6 5.498427336571078E-6 2.960615819989732E-6 2.9702511086234487E-6 
English/CSTAUS_business5.en,1.1893931578599763E-6 6.759650253973433E-7 2.8125322006247543E-4 3.316012355995695E-6 4.59750463632755E-6 1.0941374529781498E-6 3.4292855143120254E-6 2.321911062638466E-6 3.0761717516805224E-6 1.175141099434912E-6 8.203433755682236E-7 9.551868937064077E-5 1.3560691740181439E-6 0.006558620406640771 0.6063018177566211 4.650229674951979E-4 0.0018498631010453663 5.217815641134039E-6 4.917579493104183E-6 4.574266746734228E-6 0.08435691859321437 4.14036686477038E-6 0.0015813180442667634 3.727493312784514E-6 0.2958645126891708 3.5387195786999653E-6 3.329182892015408E-6 0.0025877062465231742 2.471441588524287E-6 2.479484865495929E-6 
English/CSTAUS_business6.en,1.2386435326322945E-6 7.039553754458494E-7 4.676711655554624E-6 9.952753431383288E-5 7.733815785693613E-4 1.1394434808928888E-6 0.0021172039617693168 2.4180567225216034E-6 3.2035498273261533E-6 1.2238013251769681E-6 8.543121422638531E-7 3.399713320252126E-6 1.4122212668700554E-6 8.930573920357611E-6 0.36057434948191625 3.9075690148133635E-6 4.977954406881576E-6 5.433874876148546E-6 5.121206554019696E-6 1.0083789048428426E-4 0.07295846571720982 4.311811116351349E-6 0.004432949403508969 9.995605386816162E-5 0.5584850641215899 9.975946339401144E-5 1.9561546278111663E-4 4.77999771224293E-6 2.5737790062724428E-6 2.5821553391412312E-6 
English/CSTAUS_business7.en,1.2152918903516432E-6 6.906839913261432E-7 1.9311447260915E-4 4.7470304041531686E-4 4.6976141265483305E-6 1.117962016804278E-6 3.503957331268258E-6 2.3724700834999224E-6 3.143154606566405E-6 1.2007294969913498E-6 8.382061432281446E-7 3.3356199090165468E-6 1.3855972342276734E-6 8.762209445789276E-6 0.27308749040505503 3.83390120691147E-6 4.884107058926789E-6 5.33143224518758E-6 8.533913394573176E-4 4.6738702378391816E-6 0.0773330503011296 4.230522296672297E-6 0.018583084459658113 3.808658528452964E-6 0.6293993739305562 3.6157742944818134E-6 3.4016749999162775E-6 4.689882361265867E-6 2.525256598428276E-6 2.533475015703415E-6 
English/CSTAUS_business8.en,1.1544599361874565E-6 6.561115094097764E-7 4.3588620109006806E-6 3.2186189970922052E-6 4.462473046865376E-6 1.062001950993371E-6 3.328565251833497E-6 2.253715081083497E-6 2.9858226614793074E-6 1.1406264696409165E-6 7.962493770472723E-7 3.1686540310859942E-6 1.316240573402616E-6 8.323613312946632E-6 0.2904004082451253 3.641993645986847E-6 8.10540955690545E-4 5.06456512911156E-6 4.773147104713843E-6 9.398450930137232E-5 0.08644607725528516 0.005466238851294669 0.007713450565972425 3.6180145005702052E-6 0.608998049051922 3.4347851692385613E-6 3.231402706223532E-6 4.455128298393447E-6 2.398853801809638E-6 2.4066608427010847E-6 
English/CSTAUS_business9.en,1.2049558635733776E-6 6.848097414555209E-7 4.549518068065015E-6 3.359400973205513E-6 4.6576610372605265E-6 1.1084537781379034E-6 6.577029791947873E-4 2.3522922854677195E-6 3.1164221561652924E-6 1.1905173230001575E-6 8.310772211881843E-7 3.3072505460878306E-6 1.3738127648087882E-6 6.62916510008118E-4 0.28366254214658976 3.8012939741516137E-6 4.84256785196773E-6 5.2860885488375416E-6 4.981923937973141E-6 4.634119089724084E-6 0.07368457433158712 4.194541811579285E-6 0.004592769254525666 3.7762659840347097E-6 0.6366636183368122 3.585022225593149E-6 3.372743840110777E-6 4.649995030446163E-6 2.503779354952394E-6 2.5119278747965495E-6 
English/CSTAUS_electronics1.en,9.286173161000005E-7 5.277589025241798E-7 3.506154362688589E-6 2.588972766347189E-6 3.5894963645371947E-6 8.542465359874509E-7 2.677410652143624E-6 1.812829344915461E-6 2.4017174952039713E-6 9.174900381632447E-7 6.404821304598939E-7 7.457610494443126E-5 1.0587494206612238E-6 7.872261908742956E-5 5.869982228025736E-6 5.071207830485952E-4 3.731997575737406E-6 4.073803455614737E-6 3.839394434394766E-6 3.5713534094315803E-6 0.11433595364063921 7.525990927160069E-5 1.0147726825077959E-5 2.9102360418203763E-6 4.248185712462839E-6 0.8847143674184986 1.466539010214051E-4 3.5835884413606164E-6 1.9295751280112305E-6 1.935854907094115E-6 
English/CSTAUS_electronics2.en,9.230987843767968E-7 5.246225683257023E-7 3.4853181971966435E-6 2.5735871730636166E-6 3.5681649191564266E-6 8.49169970510423E-7 2.6614994954553643E-6 1.8020561705677267E-6 2.3874447114020064E-6 9.120376329651686E-7 6.366759113707085E-7 2.5336355056769777E-6 1.0524575476113212E-6 0.004445811054015166 5.8350984469693495E-6 0.013821573733910271 3.709819282639102E-6 4.049593898874697E-6 3.816577909636124E-6 0.001435535789790659 0.12854913560366735 0.00229439043217356 2.9648455351954976E-4 0.004442048487288238 4.2229398472244596E-6 0.8354231804807746 0.00909569274999427 1.4676085810600754E-4 1.918108163771369E-6 1.9243506237568357E-6 
English/CSTAUS_electronics3.en,1.2986566597166224E-6 7.380624952873001E-7 4.903301536765327E-6 0.01904141561097661 5.019854010920516E-6 1.1946502975618568E-6 3.7443165380604514E-6 1.0326428715950828E-4 0.01088209874882433 1.2830953371496743E-6 8.95704150386165E-7 3.5644317579328895E-6 1.4806443540029236E-6 0.02005444897910101 8.209077496916855E-6 0.13810365725619697 0.0016168843226411456 0.0023224658503035495 5.3693325173453486E-6 0.003026866699378688 0.179237008737942 4.5207213166406114E-6 1.4191435798030452E-5 0.0013135478803058393 5.9410206675585675E-6 0.029920398761994333 0.5881606977155326 0.006149485101815322 2.6984803610376454E-6 2.707262532968046E-6 
English/CSTAUS_hardware10.en,8.47714649131873E-7 4.817796794469093E-7 0.001712757474917459 2.363417203389344E-6 3.2767735411215426E-6 7.798231736276789E-7 2.44415023520782E-6 1.6548926725974203E-6 2.1924759192638903E-6 8.375567979391283E-7 5.846822744791192E-7 0.0030269271894788298 9.665094308426096E-7 1.3761635905613437E-4 5.358579727696254E-6 0.012101076144556498 3.4068598125694953E-6 3.71888700235778E-6 0.09626470219083018 3.2602112300867192E-6 0.07728491763883905 0.1932486195631867 0.004085899044573705 2.6566914942355223E-6 0.002042195778985192 2.522147034569448E-6 2.3728042225150623E-6 0.6100520339920587 1.7614673711721756E-6 1.767200045579143E-6 
English/CSTAUS_hardware11.en,8.881247807429575E-7 5.047458748216539E-7 3.353267832320325E-6 0.003377917399096596 3.432975690266947E-6 8.169969526958354E-7 2.560661649494642E-6 1.7337805752311258E-6 2.2969901452977557E-6 8.774827098850165E-7 6.125537848824907E-7 2.437642120264609E-6 1.0125824500404038E-6 0.003864050568416137 0.025149207519071706 2.801781774247816E-6 0.0011746407411231115 3.896164478175768E-6 0.028660479909488987 2.789618539831624E-4 0.11734115322701087 0.3824612590369493 0.007931659349237672 2.783334643604297E-6 4.0629427634215335E-6 8.292810668800523E-4 0.0017935364103945752 0.42710008401290206 1.845435636166291E-6 1.851441584283352E-6 
