English/CKTAUS_electronics1.en,1.4373037055181792E-6 8.698516929499379E-6 0.3007444476552916 1.168985258394098E-5 0.1277795934104078 0.5486379808981898 6.810173306590787E-6 0.006498861101245682 1.2732579104646921E-5 0.016297748509234815 
English/CKTAUS_finance10.en,3.3439478527943634E-7 0.8475961360464165 0.0011630863913499737 6.212040187535967E-4 2.5598961729780494E-6 3.243786748656231E-6 1.584415619211226E-6 0.14685580392013892 1.1892809933234214E-4 0.0036371190306825284 
English/CKTAUS_finance11.en,3.459073382536528E-7 0.8319527868656978 0.0010031986867911305 3.227020876635414E-4 2.6480283496663804E-6 3.3554639291175222E-6 1.6389639242456553E-6 0.16090863100914424 4.429113195826426E-4 0.0053617816675792 
English/CKTAUS_finance12.en,3.382916584193583E-7 0.8591942590702433 3.468233276979232E-6 7.457604460602259E-4 2.5897279498974505E-6 3.281588251577128E-6 1.6028796232590689E-6 0.13789132257482853 2.996809431945207E-6 0.0021543803786758515 
English/CKTAUS_finance13.en,3.3068776603308437E-7 0.8628943702821603 3.39027666187419E-6 0.003519550304209677 2.531517786712359E-6 8.059695222340776E-4 1.56685117307392E-6 0.12791107963091844 4.61650417917124E-4 0.004399560509172591 
English/CKTAUS_finance14.en,3.342139174688953E-7 0.8522374231770421 3.4264274667934986E-6 6.981367460879989E-4 2.558511573587147E-6 0.0011236385422971175 1.5835586387897331E-6 0.13993809024766357 2.734012230365193E-4 0.0057214073522760004 
English/CKTAUS_finance15.en,3.400068708330468E-7 0.8614281443760649 3.4858179753369673E-6 1.992854104498944E-4 2.6028584348419947E-6 2.391223138567925E-4 1.6110065721773723E-6 0.13466006016947593 3.0120039086968603E-6 0.003462336036390593 
English/CKTAUS_finance16.en,3.41564152553556E-7 0.8459869525210431 2.009219472131183E-4 0.0010293628545238896 2.6147799111689916E-6 8.228139845487854E-5 1.618385220380349E-6 0.14581905988775626 4.250983206701667E-5 0.0068343368296575596 
English/CKTAUS_finance17.en,3.334538336696231E-7 0.8467144034759391 3.418634936707933E-6 0.0018143974688660152 2.55269289550198E-6 3.2346590753269704E-6 1.5799572409914095E-6 0.1395427439711928 0.0012749884023644095 0.010642347283655408 
English/CKTAUS_finance18.en,3.277435520886388E-7 0.863660426644631 4.5799692818675956E-4 0.0014802353155697373 3.056002030398503E-4 5.335889088802213E-4 1.5529010196467937E-6 0.13355391445319015 2.9033673864370217E-6 3.453534543956802E-6 
English/CKTAUS_finance19.en,3.2931560162255415E-7 0.8619786229401725 3.3762089597844503E-6 3.8335966708276625E-4 2.5210134410172617E-6 3.194516277448321E-6 1.5603496400959068E-6 0.12814168463959041 0.0014114380420978774 0.008073913307136419 
English/CKTAUS_finance1.en,3.44818091863169E-7 0.8496616977186661 3.535143568990497E-6 7.202877201187464E-4 2.6396898294825214E-6 4.320507838391484E-5 1.633802901794872E-6 0.14804528108438442 0.0015177414898370817 3.633454217609318E-6 
English/CKTAUS_finance20.en,3.373813037785624E-7 0.8624982101012473 6.664674852981036E-4 0.0024207752941123304 2.5827589017435483E-6 3.2727573832430907E-6 1.598566218339512E-6 0.12983715273404048 2.988744913338099E-6 0.004566614176581305 
English/CKTAUS_finance21.en,3.3358241801128283E-7 0.8519767624900146 0.0012373835540557552 2.7130865078655103E-6 2.5536772486636015E-6 3.2359064039395025E-6 4.0141929020494486E-5 0.14391542615753883 2.9550918911162114E-6 0.0028184945249006676 
English/CKTAUS_finance2.en,3.2672850951360447E-7 0.8787370767253384 3.349685577609455E-6 0.0018911106635237 2.5012084456035096E-6 7.870755311080896E-5 1.5480915866626494E-6 0.11440683256126563 4.066344189544953E-5 0.004837883340746549 
English/CKTAUS_finance3.en,3.385962026852657E-7 0.8675610848317159 6.688674126508457E-4 2.7538645309802233E-6 2.592059331052654E-6 1.598483206214341E-4 1.6043226023750311E-6 0.12361159050729413 6.29254619873599E-4 0.007362065465176942 
English/CKTAUS_finance4.en,3.328636202263234E-7 0.8743822481137384 3.4125839512531426E-6 2.7072403946803994E-6 7.721135976463106E-4 3.228933727233834E-6 1.5771607159276258E-6 0.12159574851894395 2.948724308800725E-6 0.0032356822629530852 
English/CKTAUS_finance5.en,3.279299133615177E-7 0.8268880096657291 3.3620026084930785E-6 0.001139905492209616 2.5104055660367843E-6 3.0644464206286377E-4 1.55378402896561E-6 0.1679744548039809 4.081296424853502E-5 0.0036426183096520703 
English/CKTAUS_finance6.en,3.352630841843091E-7 0.8502620957375246 7.785500573691289E-4 2.7267556716824995E-6 8.551907042718326E-4 8.076349702024206E-5 1.588529757372426E-6 0.1433228138192989 2.9699803346055065E-6 0.004692965655667338 
English/CKTAUS_finance7.en,3.305614031605095E-7 0.8518652406375841 8.440560641945948E-4 2.6885160443484036E-6 2.530550439588089E-6 3.2066011385112653E-6 1.5662524457079153E-6 0.13607781219952947 0.0025249295788497307 0.008677639038370783 
English/CKTAUS_finance8.en,3.285276962488633E-7 0.8583212564740406 3.3681311973917468E-6 0.0014078227619916507 2.5149817801195164E-6 0.0011804753699847892 1.5566164192578697E-6 0.13383547236273116 1.1684145869757088E-4 0.005130363315461125 
English/CKTAUS_finance9.en,3.307762775415276E-7 0.8530690060908596 6.15182850073949E-4 5.762449505078924E-4 7.900615361667534E-5 4.238154558785798E-4 1.56727055466308E-6 0.1367398213622725 2.9302332579875724E-6 0.008492094856700511 
English/CKTAUS_hardware1.en,8.578040115885595E-7 5.191402964000215E-6 0.04473003400595727 6.9766761213269765E-6 0.9552165475652941 8.321102505859675E-6 4.064411689456272E-6 1.1369096270868492E-5 7.598990660013055E-6 9.038944525641225E-6 
English/CKTAUS_industrial1.en,8.392460002990173E-7 5.079090461945038E-6 2.9964885573693353E-4 6.825740438497404E-6 6.42468937593419E-6 0.9996498047788842 3.976480883585368E-6 1.1123133540342269E-5 7.434591621826593E-6 8.84339305667368E-6 
English/CKTAUS_industrial2.en,8.343891090887254E-7 5.049696708728331E-6 0.0031915187513189506 6.786238458472882E-6 6.387508361848079E-6 0.9964688670030496 3.95346816139843E-6 1.1058761652357408E-5 7.391566093331618E-6 2.981526170864339E-4 
English/CKTAUS_industrial3.en,8.045886488831126E-7 4.869345258571914E-6 0.0011243520346747803 6.543865892814172E-6 6.159376562574999E-6 0.9971530341054852 3.8122688464330394E-6 2.8968960263219044E-4 0.0014022566141062807 8.47819789248474E-6 
English/CKTAUS_industrial4.en,9.02741023127992E-7 5.4633603479102075E-6 2.179646643640217E-4 7.34215701339038E-6 6.910763540659035E-6 0.9977449237237644 1.0863212243118505E-4 0.001472931767533148 7.997072187219567E-6 4.2693162779509046E-4 
English/CKTAUS_industrial5.en,8.964730885254775E-7 1.0905566018013523E-4 0.005708853644837842 7.2911787606885546E-6 6.862780550170577E-6 0.9939262625996431 4.247631919485084E-6 1.1881605483301867E-5 7.941546710702065E-6 2.167068788262514E-4 
English/CKTAUS_legal10.en,5.053949574149795E-7 3.0586344251947063E-6 5.181409490006599E-6 4.110469155659959E-6 4.128264421992461E-4 9.980850360365604E-4 8.787321126286479E-4 0.7845040024273335 4.477120075367744E-6 0.21318902095369827 
English/CKTAUS_legal11.en,4.1094563435303243E-7 0.010310935953850029 0.002996988590265683 3.342295624200839E-6 3.1459167516720725E-6 3.9863660015468244E-6 1.947125704043238E-6 0.9729425083456525 3.6404260122761614E-6 0.013733094034503799 
English/CKTAUS_legal12.en,4.3935120627941246E-7 0.0077732216994248204 6.139602185573968E-4 5.436131520318102E-5 3.3633702469615655E-6 4.261913413943806E-6 2.081715816730477E-6 0.9215031479550571 9.180759152861027E-4 0.06912708654578763 
English/CKTAUS_legal13.en,4.478813287648768E-7 0.005646082503261906 4.591768345155071E-6 3.642700348061402E-6 0.0031616459949373936 0.013310276663787769 0.02154012880112453 0.30521398731892246 3.967626623447149E-6 0.6511152287413204 
English/CKTAUS_legal14.en,4.6903244119248323E-7 2.8385696179126945E-6 4.808613751007845E-6 3.81472619431492E-6 2.2046688766868164E-4 4.549835357506161E-6 2.222350223318034E-6 0.36804529469039604 1.12593146217194E-4 0.6316029421481328 
English/CKTAUS_legal15.en,3.4232106064757224E-7 0.032925584322820965 3.509543508982949E-6 2.797848665044642E-4 1.2133516300361132E-4 0.003248186100509107 1.6219715711826338E-6 0.8289489385680002 8.217556367044474E-5 0.1343885215793504 
English/CKTAUS_legal16.en,3.5816670303481055E-7 0.003438637321875152 4.507524567885634E-5 2.9130349715779994E-6 2.7418776032072297E-6 3.474385535478194E-6 1.6970507422701733E-6 0.3648501816069856 3.1728756153155468E-6 0.6316517484342894 
English/CKTAUS_legal17.en,3.810089133132581E-7 0.005419687918428346 3.122124754092866E-4 3.098814824382432E-6 5.314418212907968E-4 6.643523150442241E-4 1.8052807635973182E-6 0.34323804513740547 2.6763776662735945E-4 0.6495613374612933 
English/CKTAUS_legal18.en,3.6271705545211915E-7 0.007759108215412872 3.718647298975121E-6 2.950043815818152E-6 2.7767119674125075E-6 3.5185260948491987E-6 2.532941698405901E-4 0.8130131548913851 7.579398620389961E-4 0.17820317621508994 
English/CKTAUS_legal19.en,3.881897947879798E-7 2.3493124583608913E-6 3.9797988822959656E-6 9.006342192843771E-4 2.971713716278437E-6 3.765623651231817E-6 1.8393049208781982E-6 0.5192853377639952 3.1755579022290894E-4 0.4794811782830736 
English/CKTAUS_legal1.en,3.443788277898812E-7 0.0013556038629442423 3.5306401464601382E-6 2.800895673223595E-6 2.636327126265734E-6 3.34063665846071E-6 1.6317215988280992E-6 0.9986234319778963 3.0507335714544863E-6 3.6288255570564227E-6 
English/CKTAUS_legal20.en,4.0530429255884514E-7 0.012277741536393659 6.13234467814853E-4 9.70009070574395E-5 3.1027305241795195E-6 5.193063565412629E-4 1.9203961303611897E-6 0.36479696495732067 5.044269805220849E-5 0.6216398806458728 
English/CKTAUS_legal21.en,3.8839894225872413E-7 0.11359435893931406 3.981943103708994E-6 0.0020235701351834887 2.9733148052711948E-6 3.7676524801011086E-6 9.16363499352193E-5 0.3351689194375542 3.440692622918899E-6 0.5491069631360588 
English/CKTAUS_legal2.en,4.074423264612411E-7 4.956522673831277E-5 0.003677930267522525 3.313802583617998E-6 0.0035826733885759715 0.0020763259190090234 0.0023569004545909403 0.6195037894177686 9.780818853742737E-5 0.368651285892347 
English/CKTAUS_legal3.en,6.114126770580697E-7 3.7002503381028743E-6 7.694622754165174E-5 4.972730561621132E-6 0.0018423060409864568 0.0067203318071336225 2.896970401332772E-6 0.23480009836137916 5.4162945843232235E-6 0.7565427199043966 
English/CKTAUS_legal4.en,9.237558636567257E-7 1.1237460091752903E-4 9.47052859981372E-6 6.482174310200484E-4 0.017840009560839948 0.043790425226278976 4.3769020425740384E-6 0.0020411403326798323 8.183235430503752E-6 0.935544878426327 
English/CKTAUS_legal5.en,6.470857130054806E-7 0.006062847725236915 6.634051260351788E-6 5.262865854423788E-6 4.953642560326634E-6 0.013096561319704396 3.0659949131609985E-6 0.06905047568860999 5.732309738503578E-6 0.9117638193164089 
English/CKTAUS_legal6.en,4.1682655635336654E-7 0.004098179112707246 4.273388649983571E-6 3.3901262329842318E-6 3.1909370402201052E-6 4.04341371190099E-6 1.9749904468050184E-6 0.35184650921745164 3.6925230772806076E-6 0.6440343294641256 
English/CKTAUS_legal7.en,3.9768365216615664E-7 0.005381050997580439 4.077131793901697E-6 3.2344335097846395E-6 9.4987028536033E-5 3.857718534623099E-6 1.8842883254608298E-6 0.4766358978150153 0.005520081125848576 0.5123545317772036 
English/CKTAUS_legal8.en,3.923448160851814E-7 0.001816540897939679 4.022396985946657E-6 3.191011784427071E-6 3.0035216976991414E-6 2.3057673424058524E-4 1.8589920719082008E-6 0.9152975228790751 3.475647761794166E-6 0.08263941557362685 
English/CKTAUS_legal9.en,4.605425758217705E-7 2.787189219063941E-6 4.721573964885544E-6 3.745676574349349E-6 3.5255967773373726E-6 8.562701295092887E-4 2.1821238923747533E-6 0.22248630850863862 4.0797882557427096E-6 0.7766359188705926 
English/CKTAUS_pharma10.en,5.245165430502642E-7 3.1743576615078213E-6 5.377447784059632E-6 0.0038241392880524745 4.015337410528147E-6 0.0029761006235760183 0.9930482773096112 6.951796672713443E-6 4.646511624817461E-6 1.267928110637618E-4 
English/CKTAUS_pharma11.en,5.292983853147906E-7 3.203297220859464E-6 6.661215169732668E-5 4.3048800844893075E-6 4.051943901572906E-6 5.134443370384821E-6 0.999776511200332 1.293865329159101E-4 4.688872320518218E-6 5.577379771763793E-6 
English/CKTAUS_pharma12.en,1.2906831809352586E-4 3.364051855657707E-6 5.69879488251348E-6 4.520916679946608E-6 4.255287118642709E-6 5.392110864841367E-6 0.999701039384131 7.36722417280738E-6 1.3343663656374018E-4 5.857275637343334E-6 
English/CKTAUS_pharma13.en,5.029853333224921E-7 3.0440514557904253E-6 5.156705545186842E-6 4.09087124443511E-6 3.8505092977462665E-6 4.879194385870919E-6 0.9990317501528543 6.462498895372419E-4 1.788876271922149E-4 1.2158801315383958E-4 
English/CKTAUS_pharma14.en,5.424074754490737E-7 3.2826330230462977E-6 5.560869176687698E-6 0.002575154969907415 4.152298067197626E-6 8.830764515393786E-4 0.9955073039727882 7.188918124781478E-6 4.805001240581448E-6 0.0010089324786573498 
English/CKTAUS_pharma15.en,5.297846137886718E-7 3.206239860327672E-6 6.667334350474635E-5 4.308834669146651E-6 4.055666131895491E-6 5.139160015350074E-6 0.9998987896700229 7.021618220033774E-6 4.693179651309097E-6 5.5825033106407676E-6 
English/CKTAUS_pharma16.en,6.428540982902287E-7 3.890532832905777E-6 0.0039451510225841655 0.012266784270530517 4.921248232448468E-6 3.034858253027036E-4 0.9827110106668722 8.52020978317542E-6 7.488194185417271E-4 6.77395122198795E-6 
English/CKTAUS_pharma17.en,5.505893159803272E-7 3.3321492652311148E-6 5.644751030972897E-6 4.4780430979147135E-6 6.786179487890626E-5 6.898783769070843E-5 0.9996402276797219 7.297357968167675E-6 4.877481351351241E-6 1.967423156788927E-4 
English/CKTAUS_pharma18.en,5.659708240272675E-7 6.885016700111981E-5 5.802445306698702E-6 5.280025783561859E-4 4.332682835451295E-6 0.004454385377842058 0.9919100352589955 7.501220206411298E-6 5.013740840006649E-6 0.003015510557792633 
English/CKTAUS_pharma19.en,6.697813448931129E-7 4.053495684487343E-6 6.866731386496611E-6 0.019284319135578674 5.127384687207945E-6 0.004419732880420562 0.9753282601906963 9.379793457714268E-4 5.933362534255638E-6 7.057691895829044E-6 
English/CKTAUS_pharma1.en,5.211355607629766E-7 3.1538960627855764E-6 5.3427852820859295E-6 4.238490347015641E-6 6.42315306566256E-5 5.055260131655027E-6 0.9992377791567434 6.906986071929367E-6 4.616560665768914E-6 6.681541984779936E-4 
English/CKTAUS_pharma20.en,5.599625998098227E-7 3.3888760848746186E-6 5.740847798608027E-6 4.57667024456256E-4 4.286688008804168E-6 5.43190067838027E-6 0.9979511126800515 7.194559051686421E-4 8.464556171282842E-4 5.900498024882785E-6 
English/CKTAUS_pharma21.en,5.972297978844102E-7 3.614415998340532E-6 6.122918515651355E-6 0.0017308172542321771 4.5719800107384405E-6 5.793410033775497E-6 0.9980909066361114 7.915517969430943E-6 1.4336744338515553E-4 6.293193945479448E-6 
English/CKTAUS_pharma2.en,5.583362402335892E-7 3.3790334077472956E-6 5.724174037188717E-6 4.5410502425786465E-6 4.274237719988786E-6 5.416124225294951E-6 0.995375367925619 9.109934788999535E-4 4.946108688422501E-6 0.0036847995309196965 
English/CKTAUS_pharma3.en,6.179641385046104E-7 3.739899577221166E-6 6.335491094151226E-6 0.005719844994829404 4.73070784244945E-6 0.007149518267942799 0.9870950363396176 8.190325164826879E-6 5.47433172762068E-6 6.51167806552298E-6 
English/CKTAUS_pharma4.en,5.440106475358969E-7 3.2923353702152315E-6 5.577305215359842E-6 0.004972448817506349 4.164570848563683E-6 0.0055392788887626936 0.9893940459116453 7.009654941270754E-5 4.8192031906184995E-6 5.732407400763797E-6 
English/CKTAUS_pharma5.en,6.041114337112885E-7 3.6560634424492004E-6 6.1934704130476695E-6 4.913348220870412E-6 4.624661075134624E-6 5.860165139079104E-6 0.9978594072414441 0.0010555151704269403 7.518551172551666E-5 9.840402566792888E-4 
English/CKTAUS_pharma6.en,2.9024393668331867E-4 1.189308771106918E-4 5.1393737823246875E-6 4.077121766267924E-6 3.837567679602227E-6 4.862795342079636E-6 0.9990350044547716 6.6440220332224554E-6 4.440798122604128E-6 5.268190527083547E-4 
English/CKTAUS_pharma7.en,6.152392532592222E-7 3.723408657211044E-6 6.307555029371615E-6 0.0012851682945728268 4.709847997683496E-6 8.59411071404715E-4 0.9930549206815168 7.927445705716017E-5 1.476906864366443E-4 0.004558178758074435 
English/CKTAUS_pharma8.en,6.257872086047363E-7 7.612681076564629E-5 0.0010915091879672067 0.0047795010113422 4.790595879260539E-6 2.954286952084447E-4 0.9863529504020995 8.29400996450201E-6 5.543633614555661E-6 0.007385229865950226 
English/CKTAUS_pharma9.en,6.06313176711093E-7 3.6693883220029627E-6 6.216043119613824E-6 7.501966818334463E-5 4.641516103164954E-6 0.0019683570810902114 0.9963797489739968 0.0013397157494852302 5.3711198649422235E-6 2.1665414665806613E-4 
English/CKTAUS_software10.en,4.86248081606881E-7 2.942758133549217E-6 0.0011853775377307096 0.0028706220639660783 3.7223804258287237E-6 0.001353736750386139 0.9737136368914655 0.008212982414675222 1.1672583075703684E-4 0.01253976712437831 
English/CKTAUS_software11.en,4.923643422745004E-7 2.9797735512081716E-6 0.0019401982376276087 0.003020562497361873 3.7692023051319292E-6 4.776165775570427E-6 0.9696834421837391 0.00433215601224023 4.5969119706587813E-4 0.020551932365991038 
English/CKTAUS_software12.en,4.814848422391401E-7 8.377920849562757E-4 4.936278239958291E-6 0.004679233665106409 0.0010055397009032662 4.670629506464985E-6 0.9713551840237767 0.008243845917260623 4.265308589939313E-6 0.013864050906818002 
English/CKTAUS_software13.en,4.912738463091435E-7 0.0028992698043199894 5.036637054073609E-6 0.0019348600398668423 3.760854219063445E-6 0.0023331609177861833 0.9698641680128871 0.008979351748486452 4.352026009645745E-6 0.013975548685524305 
English/CKTAUS_software14.en,2.702019461021369E-4 5.422948619631753E-4 4.78448857054192E-6 0.003294565842777659 5.969901621111672E-4 5.979445955190264E-4 0.9693228660891885 0.010256125377135475 4.1341511167675485E-6 0.015110092485515512 
English/CKTAUS_software1.en,6.150642791659797E-7 1.4592239004172861E-4 0.303247891748337 0.05013051664329564 0.07963673108897092 0.007329268489488619 0.5216637621944096 0.0030654527581622194 0.025601455900874467 0.009178383722140845 
English/CKTAUS_software2.en,4.83314080169342E-7 0.002517074969983198 4.955031950560208E-6 0.0019035108574377505 5.623999126946935E-4 0.0030775383352725063 0.9652123978620809 0.01207432555867077 1.718915110684706E-4 0.014475422646760926 
English/CKTAUS_software3.en,4.932627305856112E-7 2.9852105690795228E-6 8.033375940632283E-4 0.0021137532929173283 3.776079747307168E-6 0.0010881656494846983 0.9678034840454018 0.01563002865595058 4.36964485128853E-6 0.012549606564284074 
English/CKTAUS_software4.en,4.6472377250968383E-7 0.001345837552778148 2.1964844987790765E-4 0.0028509928082742497 3.557605139521949E-6 0.0016161381101495707 0.9655297774145515 0.01257687387295141 2.727218398564814E-4 0.015583987622648747 
English/CKTAUS_software5.en,4.726199434271288E-7 0.0018604088559277285 4.845393536502914E-6 0.0015882235707941827 3.618052785844713E-6 0.003227977751013331 0.969915764332767 0.01016814735365632 4.1867775008276134E-6 0.013226355292074794 
English/CKTAUS_software6.en,4.6956709054766283E-7 5.99931472337243E-4 1.1337585272570506E-4 0.002663582136855919 9.806505010365434E-4 4.555021707801845E-6 0.9757010217027302 0.005868558424620207 5.8440612148983965E-5 0.014009414708746788 
English/CKTAUS_software7.en,4.732145739660076E-7 2.86387975424105E-6 4.851489806898949E-6 0.0018090318850657976 3.6226048677186564E-6 2.781030017137851E-4 0.9740900076171007 0.010509155606321067 4.192045128222746E-6 0.013297698655667553 
English/CKTAUS_software8.en,4.874811223738331E-7 2.9502204575833915E-6 6.134945311393045E-5 9.619436695983149E-4 3.731819736725301E-6 0.003949347783574319 0.9684062711523542 0.011558559402379919 4.318427572973645E-6 0.01505104059008957 
English/CKTAUS_software9.en,4.786078715942855E-7 0.0019393055530404876 4.906782965454632E-6 0.003876710671348656 0.002216702787346444 5.9968693915269774E-5 0.9727435140642114 0.007917957385889867 5.956579487431794E-5 0.011180889658536405 
English/CKTAUS_undef1.en,6.634121088372777E-7 0.007212773278523382 0.010743250008200493 0.16082205752852105 0.07608048567536874 0.045022830508238285 0.01365377082651841 0.028920514915367727 0.008978480392034425 0.6485651734551188 
English/CKTAUS_undef2.en,4.488107989553263E-7 0.029315763187961363 4.6012974581682015E-6 0.02667074080420114 0.0010929472677555375 0.005970726073958021 2.1265368697100246E-6 0.8230021688500898 3.9758604801330216E-6 0.11393650131042725 
English/CKTAUS_undef3.en,3.685898411517823E-7 0.04090604543967502 3.77885626447935E-6 2.997808250587621E-6 2.8216699700462062E-6 3.5754948792587585E-6 1.7464372266315415E-6 0.9409204487555112 3.2652106104063423E-6 0.018154951737771364 
English/CKTAUS_undef4.en,3.6317388381594217E-7 0.04001110882784316 3.7233307941008415E-6 2.9537592840304382E-6 2.780209130740821E-6 3.5229575449142502E-6 1.7207755603208186E-6 0.9464065748583831 3.2172325074200175E-6 0.01356403487506852 
English/CKTAUS_undef5.en,6.373598996083031E-7 0.011202813380768816 0.6881529156654731 2.2621579230715976E-4 2.2591121669419045E-4 6.182690901554015E-6 3.0199124641086167E-6 0.283003120910474 0.017172467013855667 6.716057161773883E-6 
English/CKTAUS_undef6.en,4.214311651701005E-6 9.998344066262438E-4 0.9651166002119378 3.4275763543939785E-5 3.22618675405212E-5 4.088080583873846E-5 1.9968078149302255E-5 0.02100394009871576 0.012216452196438288 5.315722595575807E-4 
English/CSTAUS_business10.en,9.310133326175908E-7 0.004310554710782242 0.003776350150004469 4.380641255816335E-4 7.127196870512537E-6 9.031267364542043E-6 4.411289083532008E-6 0.0010885694541173316 0.9903551504192202 9.81037364301713E-6 
English/CSTAUS_business11.en,9.469112037499384E-7 5.730676895167371E-6 0.01259769573889054 7.701401130061218E-6 7.248900022779659E-6 9.18548419441234E-6 4.486615722711652E-6 0.0016544615526726772 0.9857025648248704 9.977894397524871E-6 
English/CSTAUS_business12.en,9.87556302542424E-7 5.97665975779427E-6 0.0016083540370960894 8.031975114751933E-6 0.0033181781221919135 0.0026352423690371475 4.679198658230168E-6 0.0011546812354945057 0.9912534626620508 1.0406184296221103E-5 
English/CSTAUS_business13.en,1.0010411179979621E-6 6.058269437836725E-6 0.009730579709075978 7.024499950510834E-4 7.663281366111173E-6 9.710569830532263E-6 4.743091856241858E-6 0.002211910615136126 0.9873153351491868 1.0548277941383003E-5 
English/CSTAUS_business14.en,8.254717128747452E-7 8.637994616916286E-4 0.0051612852966738095 6.713711652360989E-6 2.925871538463223E-4 8.007463996114901E-6 3.911216121396315E-6 1.0940572958118884E-5 0.993643231402191 8.698249156404825E-6 
English/CSTAUS_business15.en,8.809532127600801E-7 5.3315012031696894E-6 0.004693495579237236 0.003265922428902618 0.01630053135164855 8.545660648832526E-6 4.174096282407594E-6 4.190205938721854E-4 0.9752928149602187 9.282874773548068E-6 
English/CSTAUS_business16.en,9.396088324280298E-7 3.3153636191964134E-4 0.007612796893805146 7.64200961528353E-6 0.00826205659301101 9.114647756852527E-6 4.452015927233252E-6 0.004031268485867934 0.979730292436198 9.900947066441482E-6 
English/CSTAUS_business17.en,8.742757456763082E-7 5.29108938188838E-6 0.0071845265071381935 7.11064373203333E-6 9.162712942038801E-4 0.003040409023486038 4.142457382490373E-6 1.1587408062445406E-5 0.9888205747886168 9.212512250493141E-6 
English/CSTAUS_business18.en,8.571240709948458E-7 5.1872879848606176E-6 0.006449089910400089 6.971146040749131E-6 0.0025826825532417504 8.314506762191247E-6 4.0611900228985366E-6 1.1360084526968988E-5 0.9896343839163322 0.0012970922806173613 
English/CSTAUS_business19.en,8.847373398120008E-7 5.354402621358577E-6 0.011463714547174464 0.0036890456011409193 6.772939740621001E-6 0.0014404128739905725 4.192026077578093E-6 6.253677083539984E-4 0.9818344699464373 9.297852171234067E-4 
English/CSTAUS_business1.en,1.1045747015159875E-6 6.684851436857314E-6 1.1324319241588284E-5 0.0016689056382945247 8.455863176264163E-6 2.660874991100388E-4 5.233650423720084E-6 0.01137872064042147 0.9770653710397897 0.009588111923404355 
English/CSTAUS_business20.en,8.104683299796817E-7 9.417877321070743E-4 0.003943216855754793 6.591686409101435E-6 0.0018799699937575877 9.447447273259842E-4 3.840127709595633E-6 1.074172228568289E-5 0.9922597565324208 8.54015389938418E-6 
English/CSTAUS_business21.en,8.47633778260125E-7 5.129853030993918E-6 0.0064756684899854615 2.028630015849614E-4 0.0037299006950447804 8.22244645751864E-6 4.016223508162928E-6 1.1234302821262165E-5 0.9872015570742738 0.0023605602795148577 
English/CSTAUS_business2.en,1.1049979808349963E-6 6.687413110015304E-6 0.004354326564540009 0.0026914270326214122 8.459103511211152E-6 1.0719000311351073E-5 5.235655988381525E-6 0.006145936497591738 0.9857425781708101 0.001033525563534978 
English/CSTAUS_business3.en,1.1754145062655953E-6 0.007480250747482819 0.0012349275753895596 9.559860070295205E-6 8.998163932902742E-6 1.1402073738729182E-5 5.569300673209947E-6 1.557861760888871E-5 0.9910842773212906 1.48260925306786E-4 
English/CSTAUS_business4.en,1.1426549635811422E-6 0.005818800220263759 1.1714725652161788E-5 0.002254794408036699 1.4083567280604153E-4 1.1084290761452588E-5 5.414080755339248E-6 1.5144431723141404E-5 0.991729029008479 1.2040506558871738E-5 
English/CSTAUS_business5.en,9.750889754894215E-7 5.901207885639629E-6 1.2271485527971655E-4 0.0036149081575503205 0.004516186586480699 1.221768712589166E-4 4.6201264819219E-6 0.005874262128525049 0.9857279801653231 1.0274812239093013E-5 
English/CSTAUS_business6.en,1.01204968583697E-6 6.124892944997746E-6 0.0012972725849415426 0.004570865472532575 0.0010606631603661102 9.817358118058983E-6 4.795252199635655E-6 0.001651282144491471 0.9913875028061155 1.0664278604307481E-5 
English/CSTAUS_business7.en,9.973479605985519E-7 6.035918565130601E-6 0.0131534146335261 8.11161245151593E-6 7.635009096598788E-6 8.16712703842597E-4 4.725593089737645E-6 0.003356661547597748 0.9824046139977557 2.4109163611429137E-4 
English/CSTAUS_business8.en,9.494053469724542E-7 5.745771371694743E-6 0.011752885144657985 1.1747076731486705E-4 0.006701961926176639 9.209678557155427E-6 4.498433369553846E-6 0.0038538009851885463 0.9775434737120654 1.0004175951262974E-5 
English/CSTAUS_business9.en,9.864302012836546E-7 5.969844628308323E-6 0.0027468107371033525 2.3608095455706255E-4 0.001261871190508732 9.568837064024E-6 4.673863011558175E-6 1.307387208660569E-5 0.9951404246070461 5.805396637930515E-4 
English/CSTAUS_electronics1.en,7.799954573933179E-7 4.720508035302337E-6 7.996668359675226E-6 0.0020801546260257836 5.971108026259659E-6 0.9891251431902903 3.6957423979415605E-6 2.808349016865262E-4 6.909711444002164E-6 0.008483793548277016 
English/CSTAUS_electronics2.en,7.764251053731602E-7 4.698900376898355E-6 7.960064401585634E-6 0.00943037577741966 0.013289382096547961 0.9524659604660765 3.678825502834799E-6 7.283142158456604E-4 6.8780829236319995E-6 0.024061975145800125 
English/CSTAUS_electronics3.en,1.1499458943323463E-6 6.959436472232557E-6 0.045607159601635416 0.029520058749525943 0.04906038213605434 0.7864315913915358 5.4486263435760436E-6 0.017163354027254708 0.0187534732375993 0.05345042284768416 
English/CSTAUS_hardware10.en,6.457814644353283E-7 0.001646227088538821 0.010084486285118136 5.252258163467895E-6 0.9724069982824912 0.013443418524406942 7.771067151158169E-5 4.564641462936618E-4 0.0018719921642329968 6.804797778817165E-6 
English/CSTAUS_hardware11.en,6.916295606394272E-7 4.185720400682695E-6 0.008242022208410806 2.4547752241591225E-4 0.9454233995666212 0.007681985079123624 3.2770507400992485E-6 0.00872380289768545 0.028468608545066082 0.0012065497799755014 
English/CSTAUS_hardware12.en,8.739224563316062E-7 5.288951285858917E-6 0.04920737091755816 7.107770365504608E-6 0.4789587803545757 1.0950089081246225E-4 4.140783441446768E-6 0.03809741651762995 0.4254174131258194 0.008192106766055368 
English/CSTAUS_hardware13.en,6.817636946790128E-7 0.0035505903960392506 0.013168312955768082 5.5449081897464054E-6 0.9079789116216913 0.005208094524478611 3.230304699751573E-6 0.0017428629387313496 0.06833458663310889 7.183953598430556E-6 
English/CSTAUS_hardware14.en,6.070790624537069E-7 0.002389690235768306 0.0346736359213362 0.004706792961723626 0.9054977999583631 0.017199241070793125 2.8764370468396494E-6 2.1857689965258998E-4 0.03305872014009341 0.002252059296160414 
English/CSTAUS_hardware15.en,6.675073421244084E-7 0.003553506360241727 0.025393246030922842 5.428958680183335E-6 0.93328334585799 0.017290834361194413 3.162755836387506E-6 0.0034811512658118157 0.016981623171950806 7.03373002971535E-6 
English/CSTAUS_hardware16.en,7.063694831781982E-7 4.274925949413111E-6 0.0451622867137512 0.010539200345617386 0.883264214705558 0.007682393197902947 3.3468908348748792E-6 0.006460082721279446 0.04254835220233998 0.004335141927283614 
English/CSTAUS_hardware17.en,7.289891287327832E-7 4.411819334604028E-6 0.04391186839817712 5.929001238544449E-6 0.8842451451955551 0.03135531493934113 3.454066309180669E-6 1.7820076258881642E-4 0.03506255801218025 0.005232388816146625 
English/CSTAUS_hardware18.en,6.523558187030354E-7 0.0021154514620802863 0.012147832775948761 5.331815848664572E-4 0.9746900571958358 0.007547411819563596 3.090965511237527E-6 0.0018939170582459813 0.0010615307083587807 6.874073770436356E-6 
English/CSTAUS_hardware19.en,6.08317067665027E-7 0.008371768415999525 0.022719615316501206 4.9475534071177375E-6 0.9229554179071383 0.02082063812527081 2.882302912217428E-6 0.003313105190851686 0.011256598149215116 0.010554418721636392 
English/CSTAUS_hardware1.en,7.595191698367882E-7 4.5965861854664605E-6 0.0037831297340618925 6.177307618412028E-6 0.995906176352173 2.7076371604261207E-4 3.598722494353903E-6 1.0066456258992535E-5 6.728319056240233E-6 8.003286939171696E-6 
English/CSTAUS_hardware20.en,5.776873211985057E-7 0.012424451439175059 0.018904472823754275 0.003477223571959631 0.8893715331321672 0.019304830074620544 0.0015386617536273395 0.03947424026298192 0.0024091733965417557 0.013094835857851093 
English/CSTAUS_hardware21.en,5.5812010580388E-7 0.006519635560579131 0.05336161532173667 0.0011658525699441405 0.9172482096443615 4.5703585778271753E-4 1.3167927034996238E-4 0.009168868580845832 0.0029082273879333805 0.009038317686360854 
English/CSTAUS_hardware2.en,9.120685379432706E-7 5.519810174915702E-6 0.012872180534204698 0.003908440179851121 0.9651409512732418 0.01729986463761395 4.321525636534294E-6 5.392534600603355E-4 8.079701432367506E-6 2.204768092463396E-4 
English/CSTAUS_hardware3.en,9.622898185925364E-7 5.82374778968118E-6 0.03504999190063167 7.826478203031238E-6 0.9441997226774385 0.015026531655824762 4.559482043094263E-6 0.0011251388845128461 8.524594481865986E-6 0.0045709182892560395 
English/CSTAUS_hardware4.en,8.057127220996425E-7 4.876148114409857E-6 0.01537611991448593 0.004290925984127452 0.96147534690899 0.014909982665332963 3.817594883918697E-6 1.0381723573411854E-4 0.0022424625627720583 0.0015918452728371274 
English/CSTAUS_hardware5.en,8.396532947557811E-7 5.87453527311115E-4 0.05387801569457859 0.00427755684708834 0.8279452478811083 0.027088441726101937 3.978410709429916E-6 0.013890993862370225 0.06717433896067006 0.005153133436767305 
English/CSTAUS_hardware6.en,8.464726012879044E-7 5.122825624390687E-6 0.009402306190769273 6.884515699368659E-6 0.9628533485276748 0.02564498755965937 4.010721667187994E-6 0.001478973285642421 5.946003586894636E-4 8.919541972469174E-6 
English/CSTAUS_hardware7.en,7.990888109879346E-7 4.836060412191126E-6 0.005181071122400393 6.499134710404101E-6 0.9784191752261332 0.011461982956063457 3.7862097407057534E-6 0.00481397827040191 7.078852895515228E-6 1.0079307843134654E-4 
English/CSTAUS_hardware8.en,6.65811947548582E-7 6.967264812471997E-4 0.0047017724254570185 6.981121779584855E-4 0.9456134795671403 0.01947894125386621 3.1547227875335277E-6 0.004395905538873915 0.018016020413012007 0.00639522160770982 
English/CSTAUS_hardware9.en,7.828896384313224E-7 4.7380235281376115E-6 8.026340078547958E-6 6.398691116517175E-4 0.9895356920242047 0.008876618586472157 3.7094554875090526E-6 8.248784233679133E-4 6.9353499982395754E-6 9.874979557270796E-5 
English/CSTAUS_industrial1.en,1.6880405510368828E-6 0.0037177546831219325 0.385601332452744 1.372914097526904E-5 0.022258154763900057 0.5883442287207821 7.99820431616412E-6 2.2372820917831405E-5 1.4953770567355601E-5 1.778740212417389E-5 
English/CSTAUS_industrial2.en,1.157795150951697E-6 7.006939927017564E-6 0.3398277308273023 0.01272407066803566 0.029453325430340554 0.5744459199734364 5.485817368479448E-6 1.5345095564123048E-5 0.038288057301443114 0.005231900151431384 
English/CSTAUS_industrial3.en,1.1947323138639562E-6 7.230482478036126E-6 0.23755855152519123 0.028598138311759745 0.03053108380309837 0.6858574849089709 5.660831514703732E-6 1.583465046879707E-5 0.017412231492598854 1.2589261605350258E-5 
English/CSTAUS_leisure10.en,1.4039468977089202E-6 8.496642575228312E-6 0.0013127378763913792 0.9680894125422485 0.002445143276646814 0.0076413919072988385 6.652123451669002E-6 1.8607522491857688E-5 0.0011484883748076387 0.019327665787190404 
English/CSTAUS_leisure11.en,1.3908547865807143E-6 8.41740952945353E-6 0.003712190665066059 0.9507012271233565 0.007084950869961667 0.012875861843312315 0.0035437418127590974 0.003555585725094859 1.2321104109886935E-5 0.01850431259202368 
English/CSTAUS_leisure12.en,1.406000554669285E-6 8.509071242717676E-6 1.4414596960325847E-5 0.9729186477592199 1.0763371911123673E-5 0.008790282614817619 6.661854004619415E-6 0.007332504531024127 1.7498571503563173E-4 0.010741824485229328 
English/CSTAUS_leisure13.en,1.398725817955087E-6 0.0016253600137152286 1.434001491455111E-5 0.9741905948844951 0.005184771582179808 0.001953842261270248 6.627385146302761E-6 1.8538323750003722E-5 0.0047013862408267345 0.012303140567884119 
English/CSTAUS_leisure14.en,1.386841222003752E-6 6.496557789935116E-4 1.4218171676221016E-5 0.9622258999081628 0.009469240927862088 0.0073879735958127584 0.0043350940252014445 0.006110376073208066 1.2285549321938092E-5 0.009793869128539195 
English/CSTAUS_leisure15.en,1.4413749168357752E-6 8.723155772656687E-6 6.812558016262852E-4 0.971237574911155 0.0026769483323794514 0.004512712157685282 0.0010065472728705517 0.00901656386872992 1.2768644565240954E-5 0.010845464480298762 
English/CSTAUS_leisure16.en,1.440894754119997E-6 1.752843790538215E-4 1.4772339224128542E-5 0.971080592358522 1.103049786991626E-5 0.006843106654695408 5.065195758979555E-4 0.010512637359409079 0.006508765430192271 0.004345850510381309 
English/CSTAUS_leisure17.en,1.4205461197600119E-6 8.597100546270615E-6 1.7877559472664138E-4 0.972145846123505 1.0874722739691289E-5 0.0018201105769051176 0.004604663238029893 0.004452548115056658 0.004282092846756233 0.012495071135614776 
English/CSTAUS_leisure18.en,1.652254401767566E-4 8.575976388990331E-6 1.4527936088719836E-5 0.9679552692852799 0.0013213150783180042 0.005091806026655862 0.006886666384580467 0.002148290261106348 0.0019782538228379147 0.014430069788567097 
English/CSTAUS_leisure19.en,1.3815256969487665E-6 8.360950171706963E-6 0.0032081877228841865 0.9652453032113445 0.0028851976515806344 0.007199955555072837 0.006394593982293631 0.005607852440417025 1.223846091397985E-5 0.009436928499624546 
English/CSTAUS_leisure1.en,1.3615215274523216E-6 8.239885565557723E-6 0.001115679952766424 0.9910881344688369 0.004102530793159016 0.002216650126662859 6.451105307115094E-6 0.001434544124503527 1.206125085770686E-5 1.4346770813436906E-5 
English/CSTAUS_leisure20.en,1.4219471233689701E-6 8.605579376154672E-6 1.4578084350101577E-5 0.9619271979143732 0.0019833713664360072 0.00905435401626451 0.0019792233299581897 0.006593799154411739 0.0016563348059072617 0.01678111380179951 
English/CSTAUS_leisure21.en,1.3935434272351117E-6 6.527953787483144E-4 0.0038804570699153807 0.9694535080566697 1.066800872291369E-5 0.006618225427813219 0.001295326225455682 0.007750810009581603 6.567066195025486E-4 0.009680109660163404 
English/CSTAUS_leisure2.en,1.440894754119997E-6 0.005671900643012046 1.4772339224128542E-5 0.9604204880890272 1.103049786991626E-5 0.00850874794680396 0.0021721608680065085 0.0068482265167702635 0.005842508913348849 0.010508723291182954 
English/CSTAUS_leisure3.en,1.416823571704428E-6 0.008033870802347551 0.0021436857811111356 0.9602627845020346 8.297540041026302E-4 0.006073661417095853 0.004428815139765019 0.0024755015222360636 0.004598434712955824 0.011152075294779608 
English/CSTAUS_leisure4.en,1.3272625482040423E-6 8.032551298043893E-6 1.360735927831585E-5 0.9633883890441228 0.002771873730301843 0.008604871451803007 6.28878082058386E-6 0.006615016961665463 0.0023131853642954594 0.01627740749386632 
English/CSTAUS_leisure5.en,1.4346816252343456E-6 0.006808364784345022 1.4708640992679205E-5 0.969049295882854 1.0982934434250516E-5 0.008803750092060945 6.797749473626227E-6 0.007150388819722794 1.270935099738993E-5 0.008141567063494072 
English/CSTAUS_leisure6.en,1.4133513584403481E-6 0.0011522147889202498 9.947710138696016E-4 0.97245030161264 1.0819644602176953E-5 0.005895396503206737 6.6966832807365545E-6 0.0027961951557959708 0.0026266032068584595 0.014065588039467619 
English/CSTAUS_leisure7.en,1.3690631580994926E-6 8.285527277611057E-6 1.4035907433818144E-5 0.9650840385031317 0.0025426495876881895 0.00966717480463464 0.004754303681962199 0.006032046517823495 3.2864918245006876E-4 0.011567447224440119 
English/CSTAUS_leisure8.en,1.4055436674085075E-6 8.506306175350574E-6 0.0021266190333985957 0.9704902836169383 1.0759874296920841E-5 0.00797503804305544 1.691373138568996E-4 0.006355256047245901 0.001149794600449231 0.011713199620915904 
English/CSTAUS_leisure9.en,1.3777851199646842E-6 8.338312317162225E-6 0.00399584533247275 0.9664542855735736 1.054737397545353E-5 0.009410224377484332 6.5281647922967815E-6 0.007185356791907505 1.2205324429210489E-5 0.012915290963927703 
English/CSTAUS_software10.en,9.068101122976692E-7 5.487986347894893E-6 0.887459181092077 7.375251656061804E-6 0.026947010454168516 0.02223173240140345 4.296610380399574E-6 0.03156439460441264 0.030512157419551676 0.0012674573698900696 
English/CSTAUS_software11.en,6.210697771863799E-7 3.7586948050818914E-6 0.9619056211112034 5.051273514272605E-6 0.02125585010264223 0.00926748188189352 2.942727276000525E-6 1.5181997035795033E-4 0.007184926039515404 2.2192712901495572E-4 
English/CSTAUS_software12.en,6.172586342329088E-7 3.7356298875044627E-6 0.991608454997357 1.477276419443186E-4 4.725306987637556E-6 5.987699169845524E-6 2.924669475196364E-6 8.180974607034977E-6 0.008211141577987103 6.5042439501675345E-6 
English/CSTAUS_software13.en,6.886015773913013E-7 4.167395141069893E-6 0.9796536523191332 4.8320510110322215E-4 0.004940518777505942 0.0015986950231820036 3.262703674402541E-6 9.126534173156363E-6 0.013060625248454872 2.4605829605481034E-4 
English/CSTAUS_software14.en,5.909872735193443E-7 3.5766364367462324E-6 0.975979485475955 4.806607037818537E-6 0.005743133167519399 1.4236640165739547E-4 2.800191594305607E-6 7.832781284219778E-6 0.018109180336693974 6.2274145475359705E-6 
English/CSTAUS_software1.en,6.271937071466504E-7 2.213022192958372E-4 0.7851322581584336 0.00457273679638535 0.19235301650764264 0.007038793033352006 2.971743429084073E-6 0.010666129321585893 5.556093301312703E-6 6.608932867113966E-6 
English/CSTAUS_software2.en,7.019559971018444E-7 4.248215670154886E-6 0.9366582003548998 8.685363934780823E-5 0.042281660008940576 0.006904092099923901 3.325979036657982E-6 0.013966158129890244 6.218386710314854E-6 8.854122958343933E-5 
English/CSTAUS_software3.en,6.615856026028304E-7 4.003895309293059E-6 0.9395362911410898 8.185857455938477E-5 0.04046180945135018 0.014307762264445172 3.134697693725239E-6 0.005591646299836899 5.8607592725847165E-6 6.971330840264469E-6 
English/CSTAUS_software4.en,5.729809374095641E-7 3.4676626555698245E-6 0.9963832268961899 4.660158229614611E-6 0.00172650368886523 0.0018601460908332394 2.714874713083126E-6 7.594130303398885E-6 5.075841023029873E-6 6.037676249501036E-6 
