English/CKTAUS_electronics1.en,0.10070422174493718 0.004332936790676777 0.051221987058605103 0.2373737323021713 0.34659637286061873 0.01858433741777194 0.00661629473924067 5.601777194944054E-4 0.07095530824165304 1.172953227262095E-4 5.130923656692582E-4 0.0035590749727557316 7.030542947274604E-4 5.006387221553246E-5 0.09126157806345317 2.9314467691632433E-6 0.026052299644103116 0.01705408398519523 4.528422070738076E-4 0.023288314950145397 
Dutch/CKTAUS_electronics1.nl,0.15829439181640223 7.485292220086544E-4 0.16689141353712217 0.06446567382803227 0.22985047965584396 0.11653832048046918 6.152386564889913E-5 0.04081558177234746 0.01783043610087211 8.110078187266505E-5 5.793992632694734E-4 0.028689629079483532 0.009978572954847869 0.017298541442376577 0.030389026854066952 5.974938628239127E-6 0.006280146913747262 0.10374535295699543 0.0038154050568343623 0.0036404994791354502 
English/CKTAUS_finance10.en,0.017149936222826363 0.005394491930320625 0.3245406796791386 0.11694642920343112 0.05423600913896131 0.01536568599246299 0.07213923949052675 0.014738559292253045 0.005497362677387735 0.014745861409150367 0.027241730401132286 0.00749012037226575 0.017473563464793247 1.5945761368845527E-5 0.28901177775307335 6.822217929226073E-7 0.006623478446884289 0.005169695794343611 9.07860831307596E-5 0.00612796466475235 
Dutch/CKTAUS_finance10.nl,0.020258872061116713 0.02885405742878179 0.4990561510179264 0.048792418117018815 0.0551188667251914 0.09120169732087324 0.001234013425981992 0.016095323992574094 0.0032213493180432155 0.0021290016731442944 0.013808708873552155 0.04106220007143226 0.004212813488714111 0.052903655453528556 0.06115152900002438 9.274219984052212E-5 3.4879000938425696E-4 0.045760216254033835 0.005402859226134611 0.009294734342698613 
English/CKTAUS_finance11.en,0.018285409687894397 0.005726797495415719 0.31808961113241246 0.12524060732713788 0.04978142880596443 0.01682401111394193 0.06630630226496301 0.01670306164076898 0.006514240782586391 0.015646642642097378 0.03228658669452455 0.005873686022531731 0.01929099126280774 6.72124741000019E-6 0.28750823254165675 7.057070938929136E-7 0.006096713595122294 0.004186842756784698 6.72565263759853E-5 0.005564150752505724 
Dutch/CKTAUS_finance11.nl,0.018693194846742058 0.02166409506646909 0.5083333354328434 0.05095379017761357 0.055732239746277695 0.08138123310490815 9.59659687612535E-4 0.020850073230697933 0.004024744305762633 0.0036462768068135447 0.01356253213762924 0.04029662765174699 0.004207941649916337 0.050654443626424586 0.06281428433930904 9.526209241297186E-5 9.959131720005624E-4 0.04765530232676205 0.005173097381386428 0.008305953216666613 
English/CKTAUS_finance12.en,0.017589600530040314 0.007147429444553594 0.3161729139821239 0.1234745222612112 0.052900720919492876 0.01714531172730826 0.06905659445365492 0.01674548994253022 0.003749256242323351 0.016771993717432813 0.03054916789322216 0.009183624796192223 0.016614899668247286 1.7434970604300406E-5 0.2852402938011127 1.2855261760511724E-5 0.007045625198725021 0.0050531069758262825 8.5326947857192E-5 0.005443831265777358 
Dutch/CKTAUS_finance12.nl,0.021262801333115915 0.026154213055106592 0.4859518727745032 0.0499812640697479 0.048744839922828465 0.09458367572401391 0.001970608590463907 0.021881954075093978 0.0038537964323069576 0.003570276229419146 0.01236362373254604 0.03937946730754413 0.0037690880997746693 0.052673090914020046 0.06236364971793358 1.6498743367363113E-6 4.431636833201889E-4 0.0592219709157516 0.005276533332794325 0.00655246021537405 
English/CKTAUS_finance13.en,0.021823529404223867 0.004216028361253545 0.31051550372009806 0.12574529241886706 0.051937280138765744 0.016903091056844347 0.06809953745312224 0.0160153531670818 0.007361178655936265 0.011977705434950801 0.03429476493207322 0.009951488446179615 0.02181272588648144 1.4070195760639353E-5 0.2832387053092082 8.744011622995104E-6 0.004419749950440601 0.006261211967476882 2.8811592299208324E-4 0.005115923566616916 
Dutch/CKTAUS_finance13.nl,0.03723573152367414 0.023833138691419415 0.4817792105297869 0.05086382516876369 0.056232955791522654 0.09575930806226202 0.0021540495162658793 0.016913407514044437 0.004572444042907889 0.003167574386585901 0.016078685171669098 0.037599434546381434 0.0024358881276823987 0.052017486458930624 0.056470997665873955 1.6543589139738936E-6 0.0014108154113089166 0.04774808679791124 0.004344215672045042 0.009381090562045736 
English/CKTAUS_finance14.en,0.019604446733341798 0.00484559263678417 0.3169626408256954 0.12082180426454747 0.055850631211652665 0.01581193134280472 0.06976649560642484 0.017611586446281594 0.00488402310370349 0.014048112232360079 0.03304178908490106 0.006628895249664454 0.016106455683631043 9.069441997774677E-6 0.2842442429843753 6.818528262189488E-7 0.0067941640353213865 0.007378297784158227 3.708311282024459E-5 0.005552056366704538 
Dutch/CKTAUS_finance14.nl,0.02793451346300084 0.019944303426614667 0.4860673564592536 0.05043418621977708 0.0594885126597848 0.07909261796393736 0.0025880541165415214 0.019349957263449392 0.005063603169784632 0.005155148468387428 0.018247991951431633 0.040286573069446996 0.004363057216155055 0.05961043977936322 0.05825038986258058 1.6521909058457999E-6 2.711350772668274E-4 0.049153045972899954 0.006600664775441241 0.008096796893972547 
English/CKTAUS_finance15.en,0.020826293702883098 0.0072386854961953824 0.3064507881828548 0.12301232402320274 0.047298756978355214 0.015610004389638298 0.06832724484744195 0.01579940699938201 0.005906637737858246 0.015256627261989189 0.03737112414273771 0.0063551471029711605 0.01979468761246731 1.3156659850147315E-5 0.29087318149147395 6.936703164566345E-7 0.005648629917875509 0.006921909632749702 0.0011866049891362362 0.006108095160616912 
Dutch/CKTAUS_finance15.nl,0.028434988487208386 0.018917358447971294 0.497976406656054 0.05113787157659161 0.0536643016196366 0.08704513960494115 0.0025794380720813724 0.015943088769741244 0.003390379533725476 0.002907358142074248 0.015766985645330495 0.04241151893254128 0.003434470829525267 0.05262292210390101 0.05828465858602294 1.6901610696264127E-6 0.00190417301712273 0.047486559343343046 0.00817169237427616 0.007918998096837283 
English/CKTAUS_finance16.en,0.023569484168897495 0.005319316538891 0.30456553649882884 0.12527597018901224 0.05501048702358427 0.014840563406894153 0.06828484144406913 0.016127947040742687 0.00646711114562558 0.01562742586480462 0.03365609589196875 0.00485153896067034 0.025506020055877442 1.848095332925173E-5 0.28113282873095136 6.96847128509697E-7 0.004742325327993935 0.0063991311513213285 6.748473975886074E-4 0.007929351361816491 
Dutch/CKTAUS_finance16.nl,0.020950141140311507 0.023424844503608898 0.490395013113428 0.0487015352760332 0.05842126698873241 0.09062747084311358 3.9371760448823244E-4 0.018458841933745147 0.005961378741346246 0.004740122063228266 0.02115834733632432 0.0406472917667308 0.003312859462540277 0.04898052363930345 0.056382442773092824 1.0060166379189395E-4 0.001759867283335949 0.05151157194171246 0.004913787018162311 0.0091583749069657 
English/CKTAUS_finance17.en,0.017513235507102536 0.005316788589356215 0.3107850335449041 0.12523772711955009 0.05279350513901452 0.013653971564791256 0.06677322523105272 0.020628420426102086 0.005736706759965602 0.016816096745059468 0.035829534809050635 0.006738443089818098 0.017858649688789325 1.6329150701311946E-5 0.2824908232238552 6.803022701185544E-7 0.008479313997948532 0.004690065362699951 7.290586666284E-4 0.00791239108133607 
Dutch/CKTAUS_finance17.nl,0.023992350037847773 0.020342322636727563 0.46352455442457785 0.055944554965789296 0.054129029147069435 0.0843770333178818 8.380819470018744E-4 0.01676514441761614 0.0030259826772892177 0.00219444643333574 0.01570104543762141 0.05710082029180303 0.003303620019248959 0.0707932278906401 0.05984784407543303 1.6308193069559314E-6 0.001326064603675333 0.04952023587110797 0.00539114324499058 0.011880867741030985 
English/CKTAUS_finance18.en,0.01563321408943545 0.007561864824007403 0.3101242977523703 0.1228697595169727 0.05436579978146556 0.015946125126198894 0.06548716812560124 0.019085251918981656 0.005889345965583097 0.016743244093881407 0.03137931965702115 0.005774060731664107 0.018588321939161635 1.5207701369663299E-5 0.28731512331950587 6.686533863850425E-7 0.009058949242429422 0.005747929523685469 7.388837790486925E-4 0.007675464258226424 
Dutch/CKTAUS_finance18.nl,0.020530089438390898 0.020516424483058945 0.48481653806755626 0.048105329641409296 0.050950623071625074 0.08305787097231214 0.001820105532541909 0.01958265987709953 0.002399025925610355 0.0013292082165902359 0.016538703535222812 0.057687290538905325 0.0018655751502494905 0.06347406228027593 0.06148655182002902 9.535664321856904E-5 9.981989795292611E-4 0.05102772837813322 0.0042940136886016915 0.009424643759635084 
English/CKTAUS_finance19.en,0.020006538893714895 0.0070292774908981255 0.31125431455910496 0.11996091896814419 0.054653614334925014 0.014725446172123883 0.06773366992853078 0.017332766443947163 0.0038282654242862355 0.01168101203777138 0.025955461984442055 0.007013055936504293 0.01612756520472926 3.2198264908841505E-5 0.2845237800868724 6.718603461418226E-7 0.008672266672276913 0.021458558912080577 0.0013024009672635403 0.00670821585712599 
Dutch/CKTAUS_finance19.nl,0.025325345309887348 0.019419916487476086 0.4762404519790634 0.05152984162439693 0.05595837689655935 0.08867241699537394 0.0018202130603514998 0.018117950556985007 0.00408366479863038 0.0034041926574345702 0.014497230713346135 0.0540756688529625 0.0038613832805430323 0.06277610884768958 0.05322149636496216 1.6305180033386146E-6 0.0012888684095497599 0.049458739184129616 0.00645762618771646 0.009788877274934079 
English/CKTAUS_finance1.en,0.030059421438210405 0.006624576708442617 0.2980061536131728 0.12590644760019612 0.055768765873172615 0.01692337805113801 0.06630167989576555 0.017593737013897867 0.004049205397250322 0.010397005620096178 0.03254894897080749 0.00584722054512969 0.02326681564569165 1.6442753833033054E-5 0.27560526646783057 7.034850667258568E-7 0.004859683493196232 0.022361894881767822 8.500010919306154E-4 0.003012651453400012 
Dutch/CKTAUS_finance1.nl,0.02490610090383384 0.02387366146498744 0.46013975972321486 0.050037395383303776 0.054021621345539395 0.09120257174102138 9.781221631014058E-4 0.01736000632990436 0.0037107719206299662 0.003154102191209066 0.01795194757005018 0.06248999210893565 0.0035821151259581704 0.0576940727340476 0.06223694831484623 1.7238352414700825E-6 0.0017858471924955012 0.05122371155893314 0.004036160010094896 0.009613368382646962 
English/CKTAUS_finance20.en,0.03239140886296947 0.0051740212165900575 0.3095181283088231 0.12211232863031783 0.05055158749264915 0.014866390455282116 0.06313347323846816 0.018723935252325866 0.0049792679911413035 0.015241516802500568 0.030284114749664342 0.008338679670803817 0.018508336572061034 1.8687952246942424E-5 0.28045739714191187 1.2387372577796316E-5 0.005969852009414407 0.012474045093082507 0.001214706430214915 0.006029734756951068 
Dutch/CKTAUS_finance20.nl,0.02417126396670607 0.021742681470836536 0.48088711650625204 0.0473843422856303 0.05374091815890742 0.07952520173224807 9.246376384311266E-4 0.019157403014616547 0.0012297870615876935 0.003301830289732843 0.01718196719106737 0.06020738269862203 0.0037450821375440537 0.06037497611372992 0.05701351662166911 1.6590238589936163E-6 1.6155353477730785E-4 0.05531339569168829 0.006356427743028666 0.007578857119060823 
English/CKTAUS_finance21.en,0.03131554074734507 0.006693638416234172 0.31050300745448567 0.12524574455195658 0.0494786114286604 0.013228674132698686 0.07314215808472178 0.014272195144256046 0.004867940841469358 0.015921184975401827 0.03082569481247277 0.006346894882336423 0.01808402979288333 1.6335446862627554E-5 0.2775786630342187 1.5675264690436525E-5 0.0064527294599160704 0.010084396328556419 2.516514720855825E-4 0.005675233728744301 
Dutch/CKTAUS_finance21.nl,0.020766303769497847 0.021823156665912228 0.4707668634832784 0.04977863490062602 0.06141222209745996 0.09700118569560749 4.0129234374667287E-4 0.019083356795740136 0.0038500801974913385 0.0018658068845416327 0.01526892044333718 0.057716102479283195 0.0014215509219122292 0.05697883477751423 0.0589360002652624 1.6164812383876696E-6 0.0017153347519807815 0.04541951254569626 0.0069637413256911805 0.008829483174177474 
English/CKTAUS_finance2.en,0.03192138195769962 0.002884880168005856 0.30884667857822834 0.11820873199626068 0.054711053511947015 0.018728747494045107 0.05973995166287868 0.01658564886562355 0.004655893274969131 0.010316971954784336 0.03896913276180878 0.007180783923182043 0.019910043362703467 1.432136976960617E-5 0.28390178607276356 6.665827117965603E-7 0.004734843251546738 0.012288344199061843 3.709187204590129E-5 0.0063630471399602545 
Dutch/CKTAUS_finance2.nl,0.020985756342220715 0.023038015221793988 0.4911429129358268 0.050014256950549126 0.05453069872044874 0.08758794014490837 0.0013841361165403698 0.02005248953567744 0.002531171293568881 0.002755861843169573 0.01886937481433871 0.05275963130786828 0.0024090730749543776 0.05361488746991408 0.0558129309308292 1.9667786116593652E-4 0.0014784298628113624 0.047294928587651865 0.001301454075380488 0.012239372910376908 
English/CKTAUS_finance3.en,0.031138668571171844 0.006486355297372961 0.31157449207134713 0.1245710583532228 0.055108282579237264 0.0164641017204562 0.06362605721741826 0.014034869784133997 0.00536987031323222 0.016750128168815593 0.03452083449374045 0.008341308072610442 0.017290840770648422 1.3536937379208889E-5 0.27346843107540714 6.907925897106972E-7 0.005090755063037385 0.01057557640072515 7.409743181369893E-5 0.00550004488563612 
Dutch/CKTAUS_finance3.nl,0.025999576295276147 0.01993188640083175 0.47795572028362415 0.050264408067348235 0.053307428574011086 0.08737087891108415 6.747423520247332E-4 0.019699700316900777 0.006848185386379044 0.0013420527455646032 0.013272376409219596 0.05433172097870915 0.0015160193541127237 0.06136687073783845 0.05740100915484134 1.6506458043004649E-6 0.0016726175567356315 0.05181807169063416 0.006440706224863019 0.008784377914192208 
English/CKTAUS_finance4.en,0.022566888486659376 0.008106628675707784 0.3025186748999947 0.1229230517179671 0.05233755182185639 0.01724856781999907 0.0662741477153698 0.018282573029386656 0.00474929572648652 0.021510176132792908 0.036316738414979365 0.0060083222892430635 0.018523862789917106 1.5872753825034468E-5 0.2833340557967494 1.521399407115688E-5 0.006479866214526977 0.006649533106605315 2.5068177077387777E-4 0.0058882968430847395 
Dutch/CKTAUS_finance4.nl,0.02215094282257312 0.024658431123815015 0.4844570621945384 0.04834203735677475 0.05784093241308864 0.0825823721248793 8.398561592188467E-4 0.01981989903652713 0.003873963389268126 0.003149168665389087 0.01425964036224477 0.052128422709423146 0.0022880402801921966 0.06166722734911082 0.05511480105701091 1.6711185148429774E-6 0.0020741796847380443 0.04926063902588993 0.007094970630055802 0.008395742496742336 
English/CKTAUS_finance5.en,0.022913028703074375 0.005940482220043776 0.30722951726676473 0.12288992225966704 0.05275670889711728 0.014137460056663899 0.07059644572115543 0.014668436015066824 0.007125011978409618 0.016782666200748038 0.03953525780101954 0.007558434174123005 0.020382929282776737 1.4374025677298299E-5 0.27571250235747885 6.690335610034582E-7 0.007379455271235032 0.00921272109307847 4.444910801278916E-4 0.004719486562207824 
Dutch/CKTAUS_finance5.nl,0.023757791281838428 0.021384786685861797 0.46871850927896563 0.05079403965575155 0.05804037182071638 0.08696348729152688 0.0020406856666295623 0.021394489607905832 0.0027653518722276092 0.0018386905470174745 0.016744306182129354 0.061460306781769 0.00416598100743178 0.05922639092313749 0.0530183858852811 9.10306480918076E-5 0.0018825131006530108 0.05068553246157859 0.00594761613570816 0.009079733165773533 
English/CKTAUS_finance6.en,0.025278140777302525 0.006080630818815606 0.29759077647247545 0.12586723057192895 0.05358542392661497 0.018013593919745628 0.07953614364546663 0.014898679950716765 0.006705629536972525 0.016244238329835025 0.02938913953523295 0.006627743300492453 0.019469020641643218 7.375597080086468E-6 0.27741533192811696 6.839931047479696E-7 0.007064364590845363 0.01181703792941069 3.0329689238619694E-4 0.004105517641809654 
Dutch/CKTAUS_finance6.nl,0.021927515108724708 0.019539796471416904 0.4719823584626849 0.04421811234648634 0.05704103806181985 0.09770591198421873 0.0016154527532151422 0.020977243480980998 0.004019326868949839 0.003813491669330775 0.0168463126225582 0.049013489354272174 0.0026238594704544563 0.07071062377132545 0.05479975637846477 9.277639338280247E-5 9.244917421429902E-4 0.04771170995496441 0.006345022296026713 0.008091710808574962 
English/CKTAUS_finance7.en,0.025094766045464224 0.008060329573898677 0.30459891079073786 0.11572861212041927 0.051202509461116354 0.01645765777133757 0.070697602177429 0.016918599600613943 0.004528379289676699 0.0173049326542657 0.034888754237348635 0.008238061652838935 0.021092861715701412 1.151757692174861E-5 0.2840470665164098 6.744017624224836E-7 0.006446940120688163 0.008880781573922684 0.0010632167324228043 0.004737825987020443 
Dutch/CKTAUS_finance7.nl,0.021886028412625765 0.021174288174261646 0.47328689940026414 0.04798543794592197 0.06031299442193042 0.07837506248339178 0.0010543600629864688 0.01987061185649529 0.004637077854633948 0.0025540410611444367 0.01920756915376659 0.052674176183535655 0.0025835544652962014 0.07466202319843937 0.058918999955931084 1.6495659515883242E-6 1.3467221342847578E-4 0.046274353365158186 0.004927678746043643 0.009478521478788433 
English/CKTAUS_finance8.en,0.018629178833169693 0.004813368121098908 0.30680009141775966 0.11784824612466455 0.052358791623480644 0.019900194935191493 0.06730074990851219 0.014720910307306184 0.003819106925677785 0.019931732368638353 0.039231381426791535 0.005830489037272722 0.02243901128029419 1.6087940932848533E-5 0.28441270739726077 6.70253030200201E-7 0.007514421542143926 0.009418537527218902 7.653548584988558E-5 0.004937787543702209 
Dutch/CKTAUS_finance8.nl,0.01845305098061385 0.020919963734046903 0.4832610877767795 0.04758193965552748 0.04658830338587794 0.08565188128050433 8.385663609809406E-4 0.02222964863748861 0.003092755347075853 0.0018520670511987878 0.016748081968584766 0.0480732845407285 0.002298260427109628 0.07714032118272712 0.05785083776927289 1.86748618007441E-4 0.002080615098815301 0.05153973705855579 0.004700594156567185 0.00891225496953224 
English/CKTAUS_finance9.en,0.020846344966050985 0.006806412711060232 0.31563395719354576 0.1185948759312636 0.050033134264202146 0.015182860295177568 0.06789515943074992 0.01917390124160774 0.006167715393019635 0.018741864185038665 0.03201715667407732 0.008641469110989265 0.02005005302183214 1.577322705298191E-5 0.2793276077397182 6.748401027300572E-7 0.008057361264449624 0.005627787155498367 1.0807087647233526E-4 0.007077820478087011 
Dutch/CKTAUS_finance9.nl,0.02472878677258182 0.018237492179927293 0.46957199047603665 0.04499660136378394 0.057113582823222354 0.09034148053910435 5.195552329940628E-4 0.01798258485289599 0.004958591780702428 0.0015169354230821633 0.015008058707086368 0.053270934400229404 0.0032335720338840163 0.07294284997300053 0.05781981355270557 1.6364135785913629E-6 0.0014171446681192571 0.05165869227211239 0.0055219212638092235 0.009157775271138561 
English/CKTAUS_hardware1.en,0.03545502583578066 0.0010354379881571977 0.1417269244529658 0.14331560881260028 0.1423898227090586 0.019215779957672496 0.03952616565621017 0.03611168219330812 0.017176569409116625 0.12649564739049296 0.0387734835281406 0.047569779325515836 0.01549834105602369 0.026042232382852814 0.1382972118219561 1.749811312921052E-6 0.009837316696234583 0.015189465631833462 2.1412884097114787E-4 0.006127626499791197 
Dutch/CKTAUS_hardware1.nl,0.048179849744756205 0.013598720526244357 0.13109697478462998 0.025239321457300016 0.1113055924073797 0.04011500827575978 1.6211532067888118E-4 0.036948326121042915 0.01743484626359939 6.062283589712586E-5 0.013895249305349468 0.05589518731016513 0.0031755204164619897 0.3653579691010433 0.008330141815291582 3.767378059685951E-6 1.842498335946951E-4 0.12592093200649213 1.2900099879947422E-4 0.002966604097458862 
English/CKTAUS_industrial1.en,0.037579608791319385 0.023563767940346068 0.06810814376628005 0.1327635457624809 0.1760270308275822 0.032824174959461896 0.027660453184370336 0.03860356544998002 0.029548771835701645 0.11346120112425359 0.04250425855301791 0.016437680180113087 0.06260316809491469 1.984350867955256E-4 0.10097495239273523 1.7119641221605032E-6 0.08241515984839153 0.01039712379807598 0.0011481679759287418 0.003179078464124318 
Dutch/CKTAUS_industrial1.nl,0.08671133392046625 0.006173265828757871 0.12042866727068101 0.010224186096652446 0.18589541131251697 0.06870871698880755 4.05411998055516E-5 0.03776949780885714 0.030127065914451023 4.8026814702382174E-5 0.02043977103555436 0.06967532004862727 0.007303680993779596 0.25368483137774467 0.004132945815573937 2.1392292714201652E-4 0.0016903202661210017 0.06435908876579165 0.023827347892665145 0.008546057721306692 
English/CKTAUS_industrial2.en,0.038114341253431126 0.026307509031808094 0.06900518523282975 0.1383373505121825 0.17965654417685709 0.032376037236972396 0.02747362693034664 0.03465046631435251 0.028318134892716437 0.10620669338488598 0.037103551909947984 0.01788761573376324 0.06254524819633489 9.515931133057879E-4 0.10062537355620876 1.7020589185780727E-6 0.08423337853114775 0.011763077438816013 0.0018786876489422964 0.002563882846227461 
Dutch/CKTAUS_industrial2.nl,0.08256846309086661 0.004832320167587803 0.11130266241163185 0.007343646271747483 0.19309569116468064 0.08033949923563155 5.407244937801171E-5 0.0342095577839646 0.023492850936748435 1.0293928802338972E-4 0.03324814018557875 0.07559872074083196 0.005526385271996338 0.2335443550230307 0.009474665217372337 3.8420025105073836E-6 4.2733755382750005E-4 0.07292117189534698 0.026092449607714136 0.005821229701534807 
English/CKTAUS_industrial3.en,0.036155157220130234 0.020685681241141885 0.0623867012475864 0.12522302278108924 0.1909463783761108 0.039751096408233905 0.03521694632001253 0.03780841731606625 0.029649230857207373 0.10782312929623719 0.035687761037163375 0.01498825771268705 0.06431453505200498 0.006862639490432639 0.10430292762231673 1.6412829108281874E-6 0.07733253543730498 0.008831343148615601 2.5250787993388554E-4 0.0017800902728092331 
Dutch/CKTAUS_industrial3.nl,0.07801717179326628 0.0071099763779349 0.10079015218542371 0.0055178711394376955 0.1976252544240458 0.07852112064895332 4.5079921114145136E-5 0.029363335855248193 0.033261779476474275 6.185893663803123E-5 0.03178180173737241 0.09079839933506269 0.003763370013895998 0.2252481795761328 0.00617951422520142 2.0630868000380453E-4 2.1819015125999652E-4 0.0792261975456146 0.023121656618636147 0.009142781358288115 
English/CKTAUS_industrial4.en,0.036643049369492885 0.026982893109869607 0.07069787949726287 0.1496066289843802 0.17923312593705726 0.025038676906405037 0.01675212698435374 0.03288505700593426 0.03064428976444 0.12986786810127562 0.038489229513882145 0.014242788051103303 0.04371370981534521 1.7982735392808898E-4 0.11221534552617854 1.8414542007828788E-6 0.07774191671249436 0.012047154565898959 2.1954737387015847E-4 0.002797043972622526 
Dutch/CKTAUS_industrial4.nl,0.08596016191443755 0.007158145500247079 0.14389976968844786 0.013315497771816218 0.1565280703486166 0.0807986994824773 4.298396498224465E-4 0.0497307206702661 0.026340296966200796 1.0417955524627191E-4 0.030325164577944777 0.05429500851155187 0.012151039998931976 0.2217890370396864 0.006714997949021764 4.0800134626356676E-6 0.0019229335350707272 0.07621349263434209 0.023224449858196817 0.009094414334217127 
English/CKTAUS_industrial5.en,0.04429716916242853 0.023721990834190507 0.06996078151147544 0.1534916507935971 0.18817445330213586 0.017565357563301968 0.024071192395725166 0.045407047013579935 0.027193355841086155 0.12665485827756306 0.03738401107348145 0.011952110738935975 0.03645495489630801 0.0016106236429625752 0.11787254485735026 1.828671742447208E-6 0.06431732346336996 0.007735314045434989 0.0020011721192145083 1.322597961118942E-4 
Dutch/CKTAUS_industrial5.nl,0.11902363175693828 0.01894829589789093 0.12012358846244595 0.03149010971912368 0.1680902420571618 0.0871905248475473 9.048089795079844E-5 0.03546199382899604 0.022655081230376163 7.785278244288895E-5 0.021334365621718664 0.03484863499796176 0.0013825620089254359 0.2273190043823496 0.010419497703596719 7.468397771418781E-4 1.4402903845291013E-4 0.0857598808438893 0.013303013338288086 0.0015903708068063331 
English/CKTAUS_legal10.en,0.040530077198465006 0.004896424752434918 0.2542626761000536 0.14315102158977983 0.0645873520723649 0.007186140403454332 0.05108160907883211 0.022633316440245854 0.007086009862556383 0.03598942845952888 0.06225022393432779 0.0203052438795783 0.048546834158369384 0.009929869709440365 0.20103189612056047 1.0310421764646406E-6 0.013929018614905732 0.012235577343628751 1.157864734742213E-4 2.504627658172608E-4 
Dutch/CKTAUS_legal10.nl,0.04990814147843838 0.025392654828872603 0.42679845555196866 0.018350579662511485 0.07194711195155497 0.04565324598232071 0.002753840901673038 0.01913067675842486 0.0026096431290464927 6.880708180664937E-5 0.03935143889100427 0.07732818220289865 0.0030172536408776185 0.07328933032305411 0.05615334515723777 2.8344708002557473E-6 0.0015089810960654368 0.03649926128005423 0.024188925542676668 0.02604729006871522 
English/CKTAUS_legal11.en,0.019689072051561392 0.006406032618755797 0.2899173834313733 0.14121356474605953 0.06768333585749872 0.00853335630883626 0.062092421383787434 0.014235207752806825 0.014480610688578423 0.015756231752945715 0.07436335016049192 0.007744261012199958 0.020573377294849475 7.606670062406083E-5 0.22910201589256948 8.383806704778243E-7 0.020218035767577143 0.004442512346330451 5.879016264654798E-5 0.0034135356898322916 
Dutch/CKTAUS_legal11.nl,0.0390624082679362 0.011773327117371744 0.4680285971525665 0.025828493395729655 0.05637561433348763 0.052022243964719585 1.3636781200109104E-4 0.018905457180515308 0.01017203952332882 3.617630535135782E-5 0.027282899663080205 0.042627708513254446 0.00219358622409637 0.09381872668919278 0.06845401177789431 2.248159741198554E-6 0.0014402678058616579 0.04077364041679344 0.028603807007580292 0.012462378689494824 
English/CKTAUS_legal12.en,0.023641992925736124 0.005470899606542043 0.26829052674667053 0.13313488338355886 0.06230866316795197 0.004028022552873636 0.055554376232513296 0.01805550693622641 0.02050995224595037 0.021071384003204515 0.08115556813427292 0.01839467109121462 0.03245634009070978 2.4899741764926924E-5 0.22902962694136134 8.963245516736338E-7 0.020973278234905916 0.004551503284394781 3.294854343172335E-5 0.001314059812159581 
Dutch/CKTAUS_legal12.nl,0.031172667542309566 0.017073944440543852 0.44662703947486504 0.02458395926687326 0.07103880268339723 0.062107864334296554 6.310394795958885E-4 0.032034365315709856 0.0012345323116314207 5.544592107079929E-5 0.027703694107101873 0.0474432473191395 0.0015817547670923424 0.0922424147073812 0.05435241397547874 1.4532578550699327E-4 9.973407696750706E-4 0.04648378189164797 0.024070652443628035 0.018419713463054353 
English/CKTAUS_legal13.en,0.03834107715493063 0.00485580974004128 0.1996936993210804 0.1525973865345723 0.07835025475156392 0.01553248501703919 0.0562687466752285 0.028574329540429277 0.008529892857338331 0.06741788710092184 0.08049064189111535 0.008060597683652098 0.022622446318421124 0.006766104142297076 0.19239352914680255 9.137247768715174E-7 0.02213451145506234 0.012139265439538397 0.00304531402342376 0.0021851074817596616 
Dutch/CKTAUS_legal13.nl,0.052848748308084656 0.013403184417888554 0.34680168824170954 0.03973584199129043 0.06267807875981292 0.12299623481118027 6.671295189566953E-5 0.03055283456752992 0.005198253735084363 3.864353389641996E-4 0.01629873615442219 0.04646451423509538 0.009433326551928536 0.079835279851116 0.08476704870050529 1.3967515265926432E-4 0.014910908446324818 0.03829085458343755 0.02431958718834927 0.010872056012720484 
English/CKTAUS_legal14.en,0.02419207223078394 0.010495455502077805 0.23100475560234707 0.1306379650078131 0.04188475791892323 0.009363512022433669 0.05470858886575508 0.016441039209070064 0.008152009873843504 0.0376909529445071 0.07445543402492613 0.02824847804353634 0.03040450741335865 0.052139403719600845 0.21783928905975083 1.3606343884265895E-5 0.015373743562182237 0.005073990165787208 6.589430968206132E-5 0.011814544179731755 
Dutch/CKTAUS_legal14.nl,0.032113475911450126 0.001478588676271013 0.3774969182655112 0.041578815405151216 0.06282552841998783 0.1466448898945329 5.355166901560298E-5 0.03144585081568614 0.002198663661315527 2.0639349647328149E-4 0.014721580401074894 0.0639039657773654 0.00253971536398147 0.08218861714966405 0.060596547464298135 2.550249256087626E-6 0.007684548716978165 0.05070906031982792 0.012771583222927 0.008839155119231315 
English/CKTAUS_legal15.en,0.03527354074212059 0.008295169290815255 0.24189193882916193 0.1401083435432081 0.07252945183574873 0.005946516643757808 0.05710965034550367 0.007990299211483825 0.017187162813798087 0.020316542695604987 0.03297272814586163 0.028209036722007166 0.06459307194444167 0.01101924354425249 0.2345694274651694 4.655169025538809E-6 0.005556938534195502 0.00987856840968432 3.3586145697531513E-5 0.006514127968458083 
Dutch/CKTAUS_legal15.nl,0.030213759362817526 0.012699494435402761 0.35838720778969263 0.041029163393731735 0.08675723425887157 0.10746812397598512 7.118445809771969E-4 0.054022027065619316 0.00491623019006197 7.216922372981102E-5 0.02562304856996344 0.04776713758516212 0.005126486575293262 0.08553725245878803 0.06918217541232478 1.8930002040845754E-6 2.7039191795506614E-5 0.05838827488200237 0.006770270027159096 0.0052991680204133446 
English/CKTAUS_legal16.en,0.01928483465858713 0.011050355817378957 0.19761471230735447 0.14033912146777203 0.07021427995293479 0.01551769419525199 0.075484601500596 0.01083395293383601 0.011844084704601262 0.02871654402482491 0.04405836794670388 0.06273610278370473 0.06382229115616987 0.022423215328900098 0.20170650071990065 7.307157063934136E-7 0.013200204300258216 0.004025641102639036 0.0021791562655075563 0.00494760811736797 
Dutch/CKTAUS_legal16.nl,0.020688158880896305 0.007932612010654169 0.32192790374175145 0.04421411418037827 0.059213462617688624 0.1536087399532577 7.355811246668146E-5 0.04045340631812853 0.008346405502174359 9.086977345039664E-5 0.029715920785804577 0.05631263009043329 0.03781541109405175 0.08049246388759936 0.03339939117414976 1.93598004361593E-6 0.011453083014973553 0.06551624846856104 0.012845710549108018 0.015897973864424705 
English/CKTAUS_legal17.en,0.031056586329474032 0.0022303411319518408 0.23672738650702607 0.12153539756290058 0.058834243740375006 0.010684287377905255 0.0697023414173203 0.009584651840020095 0.016088731211567103 0.03355709786354684 0.0442250738418548 0.05487256204080786 0.03731286158037634 0.016982522654510338 0.22674830845343524 7.773124463427495E-7 0.016483687213493924 0.007909216054147994 4.4694524501659027E-4 0.005016980621819162 
Dutch/CKTAUS_legal17.nl,0.02652644936539247 0.01441531788308186 0.3523124122884785 0.048642577793230564 0.08165904932782099 0.11677658404237484 4.2641430804366763E-4 0.026791747775138975 0.008678072484620944 3.195125803118349E-4 0.02582186851670676 0.06375654415485191 0.022153853934588345 0.08340642898826095 0.04604824075365194 2.301212174935606E-6 0.010674495835752225 0.0454587988663622 0.008776363382632818 0.017352966506520812 
English/CKTAUS_legal18.en,0.024181632510329336 0.009470873044470602 0.27546111996447764 0.14318492285790996 0.06784260020139223 0.005577809143051515 0.04656864659007707 0.008961972466134786 0.007379061572149594 0.016917484621919054 0.0541452884353408 0.04826069428227386 0.03496967511632852 0.003689464572013344 0.22668895507602635 7.39998199625379E-7 0.014936818787810367 0.005007050223054622 4.071122945591809E-5 0.006714479307580602 
Dutch/CKTAUS_legal18.nl,0.03974069361181388 0.016041873251542733 0.4478836716342984 0.026587572142976645 0.06460542800710185 0.06964663310552242 6.533048252851946E-4 0.02289641761060104 9.603313194713945E-4 1.6636080720537822E-4 0.02858995845736244 0.049985584410998374 0.001934035515270188 0.08987115072158784 0.05657783644857843 1.949450944605435E-6 0.0031412330128615554 0.049508107224099124 0.013195258157622698 0.018012600284851882 
English/CKTAUS_legal19.en,0.029317631864352395 0.01569818160319637 0.24928338283260493 0.13324423816699052 0.06924083384026566 0.005545720020931867 0.05588455016168633 0.02078959424188813 0.009045866536384018 0.015612208610996846 0.07114235549317584 0.03980064876969546 0.048846906487575927 0.009616992506494986 0.19748925940734544 7.919608923841538E-7 0.017163245254257126 0.008941187884992707 3.4596167814116206E-5 0.0033018081884544376 
Dutch/CKTAUS_legal19.nl,0.040183331415612915 0.01094766795513785 0.41344462211946226 0.03288656071360101 0.06831229398561935 0.09300778463756369 1.0108382190168802E-4 0.05802931248569952 0.00350139835410352 7.9137388997091E-5 0.019249269877697015 0.051597789449155225 0.003771157091700497 0.06614214191296987 0.06058513144636227 2.0757753205585974E-6 0.0015428254121490107 0.05739296295971487 0.004291765981649038 0.01493168721557917 
English/CKTAUS_legal1.en,0.027848188552908548 0.0037209440354331446 0.2601588692594682 0.15671660131635246 0.06290696633397556 0.005430287980892604 0.07815271605617963 0.006683608611694734 0.007431504689750835 0.017695609701438537 0.04089497229928362 0.020110082295790296 0.05509404777499914 0.0032340416432216825 0.23115357505759296 7.02588981940966E-7 0.015099898646740006 0.007334658347728533 1.0897638739879462E-4 2.237484201650767E-4 
Dutch/CKTAUS_legal1.nl,0.021811823555901496 0.018337667888241534 0.37569600662695884 0.03509217506723154 0.11845848771934614 0.05753130829466876 5.249823367340742E-5 0.06455882141583198 0.0010468859561272373 6.102544088702879E-5 0.016440504870680064 0.03923015186683932 0.004057130953130438 0.0926352596938542 0.08967564894501609 1.8800953405871586E-6 0.001725224322407718 0.03654817095744263 0.008056773939696307 0.018982554156720455 
English/CKTAUS_legal20.en,0.032309025597263674 0.009835790628900923 0.23594802833874948 0.1157065239676743 0.058432716391423785 0.00887272390389219 0.06094863803525144 0.011078562734068001 0.016881855242044518 0.02946132238454849 0.08105416112804538 0.054451636711913234 0.043188229906901174 0.00929815351644222 0.2034213193376836 8.268729169457199E-7 0.014087248714883264 0.01072201326100209 1.2565107077945533E-4 0.004175572255611101 
Dutch/CKTAUS_legal20.nl,0.03331323063086694 0.009954680655767408 0.39631286580736613 0.03482964046865475 0.11066158667651292 0.07706718079251207 9.063150712304653E-4 0.037189941998346854 0.0020940320774567376 3.4611298236482566E-5 0.01533961632360113 0.05896387605330601 4.779428390548914E-4 0.08949198273625539 0.04766172123457757 1.2265761862706174E-4 0.00284299771743638 0.051060421579704494 0.004892564945940008 0.0267821334745431 
English/CKTAUS_legal21.en,0.02998337955451212 0.009331305584683413 0.2435286864315452 0.1257699715300666 0.06384107006880521 0.007474126979500275 0.07167067222435763 0.0218218648242511 0.011676991788996824 0.015521854159234395 0.06033747745065134 0.04331128921522579 0.023258658922665574 0.01523232665665253 0.20889576722904485 7.923875362691571E-7 0.02008556114129489 0.028205685386518287 2.4638539201844E-5 2.7879925251414902E-5 
Dutch/CKTAUS_legal21.nl,0.0325898962462052 0.019946633692903074 0.41065962553125923 0.054880419252390775 0.056203459098120356 0.06656833470346869 0.007979319160163315 0.07787756858566762 0.00433363224958575 2.0162260659061768E-4 0.02479826255517608 0.05274616885070118 1.0947810171890019E-4 0.07865075472653996 0.05049101727822319 1.911450319712464E-6 4.713096899672255E-4 0.04413305842206689 0.00403985486144418 0.013317672937483838 
English/CKTAUS_legal2.en,0.04135562912370397 0.0042457985720658585 0.274029014545113 0.1417465813643052 0.07052281530635977 0.003372363551818929 0.047717482973645954 0.008725779910318048 0.005032025574243596 0.013283965519182095 0.05582639699547825 0.02916152344112811 0.03826498155216685 0.01601624258415427 0.2132663308116317 8.312342891084311E-7 0.017149933720307237 0.0091826007302289 1.2422075164259525E-4 0.010975481738211789 
Dutch/CKTAUS_legal2.nl,0.049245922022228 0.013758435533222561 0.38414741304823863 0.03545358862248397 0.07757218249194257 0.06995411185917505 4.5562714146384406E-4 0.06309679929091691 0.010327721896656894 4.482549967898397E-4 0.0239393185973537 0.06690668798379532 0.005639251488656245 0.07306787998102135 0.049508898309135865 2.4422699269227508E-6 0.0040552523303420025 0.046561812917666874 0.010209111059793724 0.015649288159188233 
English/CKTAUS_legal3.en,0.028225091528319094 0.0052528425242555615 0.1779054974663328 0.14372145343517337 0.03626018365431646 0.005330422917223647 0.049221461303606925 0.02023523762110037 0.006675216956023838 0.04085084931412212 0.06271919435747209 0.10866352659914565 0.04686328128520293 0.042906888426252905 0.19413304770065531 1.2472893556715992E-6 0.022668604417026537 0.005264278536764508 4.957563407759559E-4 0.002605918326868599 
Dutch/CKTAUS_legal3.nl,0.030618605989144402 0.01765148832612665 0.28970219173041406 0.03436808604761866 0.06401909048216371 0.11069481788288088 3.778517779743719E-4 0.08701717028118652 0.0018197316116927468 6.566332889678731E-5 0.010055780363714508 0.055156014624252625 0.011731589053455144 0.13879120853215504 0.07563248587590522 3.652012524504845E-6 0.007774393238373066 0.0515487500781191 0.002909099215894189 0.010062329547511599 
English/CKTAUS_legal4.en,0.027550857915431208 0.0032228794415665924 0.14757589496284781 0.25251572289799984 0.0507923683473961 0.023050936074037888 0.03484582595344087 0.020170571394311457 0.013234922534920576 0.03330046851624101 0.03953919242008435 0.11918045165613599 0.012243793419378183 0.04993147037379797 0.127291373292488 1.8843103107009026E-6 0.012220907943714738 0.009376296682065393 0.023930585651781702 2.3596212044660485E-5 
Dutch/CKTAUS_legal4.nl,0.016463232845800684 0.0028429277270688733 0.1498157306899308 0.006150846999278246 0.04006589286550875 0.10668134616824877 1.0305276331199159E-4 0.14243950540087666 0.019966898467198787 1.0414347191675683E-4 0.00484483172598837 0.05658946994092201 0.05039971216985792 0.14407692815254083 0.15920880279659128 8.456994081468268E-6 0.05542375635787997 0.04411020452676088 2.363435384509912E-4 4.6791639779042286E-4 
English/CKTAUS_legal5.en,0.017105247555619974 0.007859419408874146 0.1795582888423176 0.21276032706195053 0.055177004115910755 0.015607318138027385 0.03839823170355647 0.015235656385897713 0.007740201420838503 0.029352351077608207 0.06668204558211455 0.10037132401780806 0.03791512183260324 0.03383679194835987 0.15448709682498057 1.3200497466547888E-6 0.015432707736099529 0.011012627839875782 9.310255306126522E-4 5.358929271919254E-4 
Dutch/CKTAUS_legal5.nl,0.030149379315207808 0.022126562046481987 0.33798665278903983 0.01945623120847565 0.09977808420605778 0.08290393479135245 8.293412289967475E-5 0.09045420635925808 0.004775330902182486 1.4430676541927445E-4 0.006482561179031424 0.04312811375371889 0.005718050494012542 0.12158256113191468 0.06091401754551627 4.201410944633174E-6 0.009031229884185785 0.04059152066577009 0.004716750855141568 0.01997337057339271 
English/CKTAUS_legal6.en,0.023821347389922486 0.0018382878333887522 0.23087098565490508 0.1180613972366441 0.05212226696410709 0.01898014144039893 0.06556327986455687 0.017735389183586456 0.011652560697688092 0.022990608866887443 0.07702106142472447 0.08667638695140963 0.02382593087277016 0.01449113125682051 0.20296023486918138 8.503771045623238E-7 0.014945916619644917 0.009624792504981721 9.549770931593639E-5 0.0067219322819565734 
