Dutch/CKTAUS_electronics1.nl,0.014814955940317164 1.6814066791957695E-5 0.3303611109951829 8.930689827183202E-6 0.09854087127187691 1.0142817323516965E-5 9.682615500146337E-6 8.374770755176103E-6 1.66968687697463E-6 0.5562274471455481 
Dutch/CKTAUS_finance10.nl,0.06699234211762861 7.679369709377646E-4 2.515918090818015E-6 0.9308177704043219 2.4397728777651034E-4 2.124659989774595E-6 0.0011687667229474824 1.7542995973910753E-6 3.4975656070769205E-7 2.4618621489088604E-6 
Dutch/CKTAUS_finance11.nl,0.07946195901909593 0.0026702461183105946 2.6055453826744783E-6 0.9160618638466842 0.0010443151953327555 2.2003490679263255E-6 7.520813511353045E-4 1.8167949236868228E-6 3.622163198149804E-7 2.549563747039543E-6 
Dutch/CKTAUS_finance12.nl,0.06321136687010387 0.001342314949116065 2.5369439430960883E-6 0.9350266989457404 2.604710420278579E-6 2.142416047592681E-6 4.077310883528436E-4 1.7689605055982402E-6 3.526795214374414E-7 2.482436248702033E-6 
Dutch/CKTAUS_finance13.nl,0.055086442908319655 0.0024311889452765505 4.8007005844780213E-4 0.9403195835589356 9.577178139384023E-4 7.184736579541578E-4 2.0063839716068597E-6 1.7353788146202087E-6 3.4598430429397737E-7 2.4353100371711643E-6 
Dutch/CKTAUS_finance14.nl,0.0629843891635715 0.001835892861361056 2.4910631952082568E-6 0.9335328055782026 2.5576041125342444E-6 2.1036703548398155E-6 0.0016352392478575623 1.7369687734979895E-6 3.4630129607211275E-7 2.437541274974189E-6 
Dutch/CKTAUS_finance15.nl,0.05139476266743949 2.108423492767403E-4 2.591615803654146E-6 0.945603490248071 0.0013288321194685534 2.1885857202533967E-6 0.0014525891187966021 1.8070821055484346E-6 3.602798650201927E-7 2.5359334530067024E-6 
Dutch/CKTAUS_finance16.nl,0.07307734027528777 3.5938313930796216E-6 1.2572181080059325E-4 0.9253450075750148 2.635719369986442E-6 0.0014389723424898476 2.0695580659991942E-6 1.7900198935924827E-6 3.5687815382978135E-7 2.511989530398793E-6 
Dutch/CKTAUS_finance17.nl,0.07490980158137374 0.003595073018519061 2.495536620880622E-6 0.9194461911131588 8.805038368489893E-4 2.1074481044326944E-6 0.0011592985356028642 1.7400880041615908E-6 3.469231803788627E-7 2.4419185865325205E-6 
Dutch/CKTAUS_finance18.nl,0.062292835389583565 0.0012349257949450315 0.0012736564425840672 0.9351476990470496 4.227462678052342E-5 2.0978207009410542E-6 2.0026379838630964E-6 1.7321388028067434E-6 3.453383397220108E-7 2.430763229740182E-6 
Dutch/CKTAUS_finance19.nl,0.06399432477119307 8.735221935342231E-4 2.4731330980730236E-6 0.9343671547072517 2.5391950692552855E-6 6.744075994800209E-4 1.993767506724242E-6 1.7244664737210935E-6 3.4380869938144106E-7 8.151635769368437E-5 
Dutch/CKTAUS_finance1.nl,0.040810818133221786 0.0018509138013586897 2.567146136219239E-6 0.9573241688328639 2.635719369986442E-6 2.1679214054842564E-6 2.0695580659991942E-6 1.7900198935924827E-6 3.5687815382978135E-7 2.511989530398793E-6 
Dutch/CKTAUS_finance20.nl,0.05856894401255884 0.002141178206968819 2.52220950627719E-6 0.9385500319308966 2.5895823993289774E-6 6.071244872983683E-4 2.0333314703865457E-6 1.2275758933421105E-4 3.506311773500283E-7 2.4680183897016465E-6 
Dutch/CKTAUS_finance21.nl,0.06392897599464517 3.5019679669737217E-6 2.5015262410172163E-6 0.9354137476981977 2.568346645699242E-6 6.421480092704537E-4 2.0166572274028485E-6 1.7442644470404353E-6 3.4775584219983624E-7 2.4477795162481734E-6 
Dutch/CKTAUS_finance2.nl,0.053074828889066665 0.0011107234231853649 2.792883068802696E-4 0.9442586088081468 2.5389942440492766E-6 8.720795243564842E-4 1.993609819441717E-6 1.7243300854856905E-6 3.4378150751512217E-7 3.97870332707842E-4 
Dutch/CKTAUS_finance3.nl,0.06324119192878729 0.0030031903467726976 2.53488720720943E-6 0.9315527679544806 2.6025987451624146E-6 2.1406791609810445E-6 0.0019072213729168872 4.23032247049322E-5 3.5239359922374653E-7 2.456946136248957E-4 
Dutch/CKTAUS_finance4.nl,0.06750361359707312 0.0016212306939376788 2.529043763572204E-6 0.9308612657415803 2.5965992123096633E-6 2.135744449098401E-6 2.0388410485560383E-6 1.763451867694388E-6 3.5158125848948164E-7 2.4747058090623577E-6 
Dutch/CKTAUS_finance5.nl,0.08374818365607407 0.0017555936501068461 2.4901704339276176E-6 0.9136861336896547 2.5566875039442792E-6 2.102916429590692E-6 7.984200386461752E-4 1.736346268830247E-6 3.4617718666005006E-7 2.4366676951812546E-6 
Dutch/CKTAUS_finance6.nl,0.06143692597696317 0.002023460350724711 2.4768553928036656E-6 0.935773463950843 5.174431729433805E-4 4.169937637038102E-5 2.0003528990792573E-4 1.7270619557326773E-6 3.443261633671253E-7 2.4236387353459346E-6 
Dutch/CKTAUS_finance7.nl,0.06902561571225882 0.0011996813529037873 2.4934470245006566E-6 0.9268901508024732 2.5600516183275734E-6 9.989312628799437E-4 0.0011982008392944093 1.7386309702058903E-6 3.4663268998261676E-7 6.802812678867468E-4 
Dutch/CKTAUS_finance8.nl,0.05911295013600321 0.0020947109569104784 2.786711831482739E-4 0.9360956653426966 0.0016202979707202413 2.0837489300465765E-6 7.911426616132981E-4 1.7205199545516961E-6 3.4302187769288337E-7 2.414458145491428E-6 
Dutch/CKTAUS_finance9.nl,0.07205772150175392 0.0026824702844215806 2.5004259925492984E-6 0.924326429051681 8.253646646212854E-5 8.417886963880182E-4 2.0157702392959944E-6 1.7434972656876947E-6 3.476028884445183E-7 2.446702907249078E-6 
Dutch/CKTAUS_hardware1.nl,1.4852461936282175E-5 9.578560983133699E-6 0.03622281665227867 5.087594702076599E-6 0.963723953435665 5.778113973031291E-6 5.515948294480918E-6 4.7709012573084345E-6 9.511796147669178E-7 6.695151295147347E-6 
Dutch/CKTAUS_industrial1.nl,2.3240866637699742E-4 9.526444747486182E-6 6.804931325522926E-6 5.0599134788908445E-6 6.986703660167687E-6 5.746675686012294E-6 1.1430444422033868E-4 4.744943139526991E-6 9.460043174510061E-7 0.9996134712730476 
Dutch/CKTAUS_industrial2.nl,1.4916111055325146E-5 9.619609192574755E-6 0.006050420255347224 5.10939721012032E-6 7.055030553017151E-6 5.802875649963443E-6 5.539586479930337E-6 4.791346599189896E-6 9.552558241382174E-7 0.9938957905320885 
Dutch/CKTAUS_industrial3.nl,1.4261085552814805E-5 9.1971740603913E-6 0.004944263780596823 4.885023346003161E-6 6.745216224330852E-6 5.548048401458524E-6 1.1035364159836777E-4 4.580939596842249E-6 9.133067581979582E-7 0.9948992517838647 
Dutch/CKTAUS_industrial4.nl,1.603117122986746E-5 9.551149908464409E-4 0.0018969376884142256 5.4913523540443E-6 7.582432338286119E-6 6.236672067212935E-6 5.953700604201232E-6 5.149525735519004E-6 1.0266663762617116E-6 0.9971004758000339 
Dutch/CKTAUS_industrial5.nl,0.0015688943678982404 1.0456035681049715E-5 0.016609215150733103 5.553660077886659E-6 7.668466537100434E-6 0.0016784257582601202 6.021254370408465E-6 5.207954917760702E-6 1.0383154639410402E-6 0.9801075190360604 
Dutch/CKTAUS_legal10.nl,0.9956343932663408 5.663876130211494E-6 4.0458207782633934E-6 3.0083335319388334E-6 4.153892153746776E-6 3.4166428409360815E-6 0.0034322146002021374 2.8210702837771005E-6 5.624397574028487E-7 9.097200579807395E-4 
Dutch/CKTAUS_legal11.nl,0.9901042425014013 4.454590425994315E-6 3.1820036472916305E-6 0.0064646109447386605 3.2670008653600876E-6 2.687160548425971E-6 0.003411781060014282 2.218747795372651E-6 4.423540877176174E-7 3.1136364755063245E-6 
Dutch/CKTAUS_legal12.nl,0.9911421490424398 5.0198557490678426E-6 3.5857840508078445E-6 0.006596849199617944 3.681566992217206E-6 3.0281478290281817E-6 0.002239178879446416 2.5002958322137828E-6 4.984866167257768E-7 3.5087414256696712E-6 
Dutch/CKTAUS_legal13.nl,0.9281898308762212 0.0036963469782341414 3.551369216640821E-6 0.009145893344773684 0.008749366176618326 1.7337025268603754E-4 2.8630099019078857E-6 0.04140267005872624 4.937023536452286E-7 0.008635614231268064 
Dutch/CKTAUS_legal14.nl,0.9870417442914855 0.003340091045775479 3.6587937095284676E-6 0.00374724712912189 0.0024611020921384793 3.089803532891089E-6 0.003396426821557726 2.5512040137506494E-6 5.086362345634008E-7 3.5801824300350465E-6 
Dutch/CKTAUS_legal15.nl,0.9536626760852844 0.0015316979544861375 2.7298647988158235E-6 0.041080076250808624 1.337636126592516E-4 2.642269914111291E-4 2.200737088460814E-6 1.9034803775895554E-6 3.7949889017268543E-7 0.0033203455241953036 
Dutch/CKTAUS_legal16.nl,0.9808732886533911 4.832110149853587E-5 2.7785027601395834E-6 0.00782198977544632 2.8527217212675524E-6 2.3464093157450338E-6 0.005245143388393561 0.0060001743820207835 3.862604163664499E-7 2.718805036137886E-6 
Dutch/CKTAUS_legal17.nl,0.9857329828712789 9.039427261935687E-4 5.310121061482922E-5 0.003950426112560368 0.001702391980038158 2.6392177769064512E-6 0.00170170273781088 0.005949320597099572 4.3446186074569574E-7 3.058084766015992E-6 
Dutch/CKTAUS_legal18.nl,0.9863180037901805 3.9730374130661295E-6 2.8380206327006242E-6 0.01148404539189478 2.913829426573552E-6 2.3966713822918156E-6 0.0014091653570235526 7.734923234729947E-4 3.945344402639529E-7 2.777044133100684E-6 
Dutch/CKTAUS_legal19.nl,0.9899864204783428 0.004927097005012851 3.01813968650074E-6 0.0028980511339970175 4.857332512724038E-4 7.747639659372508E-4 5.815945256378471E-4 2.104488717745486E-6 4.1957413492053434E-7 3.407974372604796E-4 
Dutch/CKTAUS_legal1.nl,0.9869022593066511 3.72916106131542E-6 2.663814843492581E-6 0.013036783981370162 2.7349702776917364E-6 2.2495568670505445E-6 2.1474895479840495E-6 1.8574250586766932E-6 3.7031679267393775E-7 4.520397752973916E-5 
Dutch/CKTAUS_legal20.nl,0.9661624337899882 0.006603411850958589 1.0550797960065656E-4 0.025835413102294702 2.0790247647964533E-4 0.0010769464548640744 2.5788854404261013E-6 2.2305516899956985E-6 4.4470744263627146E-7 3.1302012409690798E-6 
Dutch/CKTAUS_legal21.nl,0.8911067997814519 0.011415342765279725 2.900816816428823E-6 0.0968125030983145 2.978303012817224E-6 2.4497019398305382E-6 4.662117982123491E-4 1.8757197966078068E-4 4.0326420667665914E-7 2.838491104836602E-6 
Dutch/CKTAUS_legal2.nl,0.9818498555977183 1.6127483506637308E-4 0.0020403929918087573 2.4288110351217384E-6 0.004077606798496757 2.7584640290157715E-6 5.486732068522883E-5 0.0040765307301581675 4.540919000064543E-7 0.007733830359102139 
Dutch/CKTAUS_legal3.nl,0.9789937238516885 0.007889846745639039 4.929575403596521E-6 3.665463152627782E-6 6.35696907316551E-4 1.6182187554036146E-4 3.974079385090815E-6 0.004339057414751776 6.852970870568243E-7 0.007966598790035397 
Dutch/CKTAUS_legal4.nl,0.9088586080109388 0.008767035484669347 9.603562849908397E-6 7.14087986859922E-6 0.019974190772495747 8.110083480441083E-6 7.742111240939796E-6 6.6963731858362904E-6 1.3350629836411015E-6 0.06235953765828667 
Dutch/CKTAUS_legal5.nl,0.9754066631699329 0.006233227102319894 5.483279940417329E-6 4.077178850429819E-6 5.629748515719792E-6 4.630558341567652E-6 4.420459773877528E-6 0.005001800849258551 7.622716893514979E-7 0.013333305381377256 
Dutch/CKTAUS_legal6.nl,0.9807577999832405 0.0015125835327536694 3.0426635425060655E-6 0.0150368468977657 3.123938727985961E-6 2.569489648610376E-6 7.322871042177489E-4 0.00160775682417967 4.229833792687573E-7 3.4356658254415924E-4 
Dutch/CKTAUS_legal7.nl,0.9744110094903665 8.258198210112804E-4 3.022223849018151E-6 0.018657148389493977 0.0024678696876214022 3.8918230460506666E-4 2.436428396399046E-6 0.0015486276405662677 4.2014190484940207E-7 0.0016944638721851262 
Dutch/CKTAUS_legal8.nl,0.9934769397562347 4.153821850303309E-6 2.9671585968343002E-6 0.004272544652434334 3.0464169052003144E-6 2.505726707485872E-6 0.0022324576322850626 2.0689406188615053E-6 4.124868729592091E-7 2.9034074940734097E-6 
Dutch/CKTAUS_legal9.nl,0.9916145740111225 6.142023480208263E-5 3.5317136123475743E-6 2.626061080686443E-6 3.6260522320784313E-6 2.9824860494792486E-6 2.8471641291124634E-6 0.002769790220517497 4.909698813197874E-7 0.0055381110865727196 
Dutch/CKTAUS_pharma10.nl,8.915618413738565E-6 5.749807341349184E-6 4.1072031728513955E-6 3.0539753747268E-6 2.6693211237141187E-4 3.4684794719987726E-6 3.311106966271345E-6 0.999699871766346 5.709729824301077E-7 4.018957559080812E-6 
Dutch/CKTAUS_pharma11.nl,8.734903550248459E-6 5.6332617916669376E-6 4.023952339733165E-6 2.9920729112818136E-6 4.131439568670974E-6 3.3981752300255394E-6 3.2439925816439355E-6 0.9999633453069463 5.593996624664141E-7 3.93749541781839E-6 
Dutch/CKTAUS_pharma12.nl,8.98942020469636E-6 0.0016613593066098355 4.1412018183650795E-6 3.0792556011492913E-6 4.6780915396669743E-4 3.497190884382619E-6 3.3385156790295205E-6 0.9978431580301236 5.756993880181847E-7 4.052225724212967E-6 
Dutch/CKTAUS_pharma13.nl,6.977348220410603E-5 5.3782051148008774E-6 3.841760219147191E-6 2.8566011008253227E-6 3.9443807586904155E-6 3.2443163621737047E-6 3.0971146274050264E-6 0.9998421367819583 5.340717753158935E-7 6.519328587916515E-5 
Dutch/CKTAUS_pharma14.nl,0.003922892238408556 5.907329791003422E-6 4.21972463080748E-6 3.1376424706225387E-6 4.332441300676435E-6 7.104164662605966E-5 3.401818471793178E-6 0.9959803514814408 5.86615430522581E-7 4.129061429033136E-6 
Dutch/CKTAUS_pharma15.nl,0.0020518796668060365 5.589739795157364E-6 3.992863701185669E-6 2.968956466206631E-6 4.099520494937672E-6 3.3719212805430446E-6 3.2189298313161878E-6 0.9979204162490893 5.550777986763566E-7 3.9070747364851975E-6 
Dutch/CKTAUS_pharma16.nl,1.0489901463283383E-5 0.0032523608858612565 1.593846171477645E-4 3.593233723732748E-6 4.96151946355902E-6 8.135701974852938E-5 3.895768548938268E-6 0.9964785566525374 6.717930317272656E-7 4.728608473744382E-6 
Dutch/CKTAUS_pharma17.nl,9.145061621321784E-6 2.0800490370782802E-4 4.212901939492513E-6 3.132569351424784E-6 4.325436362624571E-6 2.7303390766665234E-4 1.381344017006843E-4 0.9993553027653654 5.856669572563797E-7 4.122385327150762E-6 
Dutch/CKTAUS_pharma18.nl,0.0052852202717634045 9.652564347232891E-4 4.28477863575298E-6 3.1860143969114894E-6 4.399233018728985E-6 3.6184396326930463E-6 3.454263106230231E-6 0.9906424627938561 5.956590735223424E-7 0.0030875221117932753 
Dutch/CKTAUS_pharma19.nl,1.1721810835755064E-5 0.007433763873658506 5.399946074631184E-6 4.015214646741549E-6 1.7824661454254664E-4 4.560183979590113E-6 4.353278450743891E-6 0.9923519044658462 7.506868263966146E-7 5.2839251388192704E-6 
Dutch/CKTAUS_pharma1.nl,8.551660904850434E-6 5.515086039984447E-6 3.939537020497351E-6 2.9293045759094726E-6 6.704239849700219E-5 3.3268875947249517E-6 3.1759394223969633E-6 0.9999011166276759 5.47664458592046E-7 3.8548938100899205E-6 
Dutch/CKTAUS_pharma20.nl,0.0016590862953662134 7.475757877258883E-5 4.298621772255836E-6 3.19630767830262E-6 4.413445931078291E-6 3.6301299807882197E-6 0.0011720419942483219 0.9970737717793189 5.975835112972907E-7 4.206263420186061E-6 
Dutch/CKTAUS_pharma21.nl,9.386957844209129E-4 6.256021320737271E-6 4.468802012404272E-6 3.32284786655379E-6 2.1897168742475098E-4 3.7738449723903723E-6 3.6026173655019617E-6 0.998815914365839 6.212415372528868E-7 4.372787240354402E-6 
Dutch/CKTAUS_pharma2.nl,0.0014322897410915859 5.932549790387107E-6 4.237739784244547E-6 3.1510379206777965E-6 4.350937672268777E-6 3.5787159365482242E-6 3.416341761129875E-6 0.998538307126675 5.891198515249043E-7 4.146689516575159E-6 
Dutch/CKTAUS_pharma3.nl,1.0205210098427977E-5 2.3211803613137991E-4 4.701285917675612E-6 7.867456593217441E-5 4.8268659825152476E-6 3.970174595997459E-6 3.7900390843441504E-6 0.9986791349221783 2.261901138891846E-4 7.563887861898727E-4 
Dutch/CKTAUS_pharma4.nl,9.1401355239487E-6 8.812203853389718E-4 4.2106326092204446E-6 3.130881955287717E-6 4.323106414332732E-6 7.088857687833562E-5 3.3944887501438295E-6 0.9972010019561673 5.853514807096808E-7 0.0018221044848815884 
Dutch/CKTAUS_pharma5.nl,1.0182245413102388E-5 8.157634962551325E-5 4.690706659562966E-6 3.487848549363842E-6 4.816004132800431E-6 3.961240550602473E-6 3.781510396144281E-6 0.9998822620803746 6.52090159264283E-7 4.589924139008103E-6 
Dutch/CKTAUS_pharma6.nl,1.9502588381504265E-4 5.444769488346653E-6 3.889308491636251E-6 2.8919563650236555E-6 3.993199133710305E-6 3.2844702576876722E-6 3.1354466527874953E-6 0.99977798853951 5.40681815727805E-7 3.8057444699544826E-6 
Dutch/CKTAUS_pharma7.nl,0.0018594810570754087 6.476316582605456E-6 4.62616335423609E-6 3.4398563617908783E-6 7.872729345941497E-5 3.9067345716772074E-6 3.729477472789863E-6 0.998034443216026 6.431175124320107E-7 4.5267675835822295E-6 
Dutch/CKTAUS_pharma8.nl,0.006807054482632488 0.004054151380216925 4.775603972518308E-6 3.550975278730407E-6 9.213105330257452E-4 4.032935223308189E-6 8.02172324425624E-5 0.9880432026871364 6.638923686847537E-7 8.104027770248886E-5 
Dutch/CKTAUS_pharma9.nl,0.004154724786122502 6.596857372009938E-6 6.075480115978099E-4 3.5038808726373644E-6 4.838141485971273E-6 3.9794488782212366E-6 3.79889257208315E-6 0.9952097438712393 6.550875715913505E-7 4.611022287782638E-6 
Dutch/CKTAUS_software10.nl,0.016521606775426804 0.004372935001585654 7.217191467437002E-4 2.782082320114618E-6 1.23504419705566E-4 3.159683439684414E-6 1.2267925579885185E-4 0.9766316456659754 5.201397014617446E-7 0.0014994478293028 
Dutch/CKTAUS_software11.nl,0.021526132496732225 0.004001542602791189 4.3420033309175533E-4 2.85870856598528E-6 3.947290736224256E-6 3.246709865312517E-6 3.0993995320673416E-6 0.9740206760017246 5.344657882073223E-7 3.7619911724086463E-6 
Dutch/CKTAUS_software12.nl,0.01735763360000686 0.002483683756097333 3.69031714122767E-6 2.7439932235972874E-6 0.0019511955474850635 3.1164246595152515E-6 2.975025651235685E-6 0.9781318249657477 5.130185421961712E-7 6.262335144545923E-5 
Dutch/CKTAUS_software13.nl,0.0209137716364889 0.004536843635412206 3.7783909333944215E-6 0.0019362725828967035 3.879318761804347E-6 3.1908018274553962E-6 3.0460281642637434E-6 0.9722928915236038 5.252623377112753E-7 3.0580081957382017E-4 
Dutch/CKTAUS_software14.nl,0.02381918367872157 0.003668305368574718 3.5794214060601088E-6 0.0034370000538022326 3.6750343894294865E-6 3.0227746585843586E-6 0.0014910989829210654 0.9674556566173144 4.976020979681533E-7 1.1798046611408502E-4 
Dutch/CKTAUS_software1.nl,0.007038768395096522 0.04568992779570708 0.32907932291178565 3.6311144986390166E-6 0.04029984315536486 0.013670005991744661 0.0021904779651732886 0.5539011268670554 6.78875243065309E-7 0.00812621692833081 
Dutch/CKTAUS_software2.nl,0.021623109236314414 0.002898994009092864 3.693150379201885E-6 0.004727356463559262 0.0014802325399109364 3.1188172920048753E-6 2.977309724752071E-6 0.9691973336308425 5.95710419572272E-5 3.613800926972699E-6 
Dutch/CKTAUS_software3.nl,0.02551409870801458 0.002622873068151945 3.8066812320519837E-6 2.830517569465771E-6 0.0010387513301256574 3.0758027066803004E-4 3.0688349748890676E-6 0.9705027365015756 5.291951833774255E-7 3.7248925043913127E-6 
Dutch/CKTAUS_software4.nl,0.024024940253944253 0.002769602920736614 6.119670307035268E-5 0.0011545784249242764 0.00167395337912039 3.041577108342539E-6 2.9035740972919324E-6 0.9689810727829373 5.006973132929347E-7 0.0013282096867480166 
Dutch/CKTAUS_software5.nl,0.027557008240309547 0.0018338988685944143 3.689010958592832E-6 2.7430219910008437E-6 3.787551282131218E-6 3.1153216053285086E-6 2.973972645031847E-6 0.9697037898919169 5.128369599945549E-7 8.884812837371826E-4 
Dutch/CKTAUS_software6.nl,0.019083409229115052 0.0028811279872119713 3.670390102610319E-6 2.72917616131245E-6 3.768433028555238E-6 3.09959653549186E-6 2.9589610560339666E-6 0.976958648440692 5.102483357584775E-7 0.0010600775377612914 
Dutch/CKTAUS_software7.nl,0.01871569760081821 0.003996966947114903 3.725715100729083E-6 7.772892029673688E-4 0.0014337062617716112 3.1463177742978E-6 3.00356244996813E-6 0.9750623007865493 5.179394768706618E-7 3.645665976796917E-6 
Dutch/CKTAUS_software8.nl,0.023080044842139737 0.002747621736694902 3.7281583945811686E-6 2.772130681382253E-6 6.344519151590562E-5 3.1483811040658613E-6 0.0013742068153970084 0.97272086640816 5.182791373936424E-7 3.648056775080479E-6 
Dutch/CKTAUS_software9.nl,0.019478217817821008 0.004185927095642452 3.7348382402172487E-6 2.7770975854337517E-6 0.0010191471135445095 3.154022146519765E-6 3.0109172579584437E-6 0.9752998572969089 5.19207752615362E-7 3.6545931004052325E-6 
Dutch/CKTAUS_undef1.nl,0.3218254211637899 0.4965891274187428 5.174736316782213E-6 0.004968839089211772 0.09342989987558417 4.369997278538586E-6 0.009520405108831575 0.032689801181644655 7.193787362681884E-7 0.04096624204986346 
Dutch/CKTAUS_undef2.nl,0.8497496906422652 0.0679974527040156 3.4512153311463354E-6 0.0788673841804662 3.543403692511769E-6 2.9145063016734332E-6 2.787263484603676E-4 2.4064637430113634E-6 4.797792141519736E-7 0.003093950756510023 
Dutch/CKTAUS_undef3.nl,0.9033463029349912 3.89127245859843E-6 2.7796142791515705E-6 0.09659009048685643 2.8538629310135303E-6 2.3473479790430407E-6 4.669000319425298E-5 1.9381696998063366E-6 3.864149369242584E-7 2.719892673526953E-6 
Dutch/CKTAUS_undef4.nl,0.8874187802131698 8.45531400221659E-4 2.7701332618152584E-6 0.111720474311914 2.8441286581227406E-6 2.33934138364936E-6 2.233200344537309E-6 1.9315587751674736E-6 3.850969099075362E-7 2.7106153612811375E-6 
Dutch/CKTAUS_undef5.nl,0.22236498895552792 7.032457438859682E-6 8.53536587951019E-5 0.018801009728904704 5.15761099029307E-6 4.242217663360236E-6 0.7587230987970235 3.502734919796605E-6 6.983439547274143E-7 4.915494781810776E-6 
Dutch/CKTAUS_undef6.nl,7.206668271512232E-5 4.6476814295188767E-5 3.319932439552529E-5 2.4685878661101575E-5 3.408613991434901E-5 2.803639613235025E-5 0.9997011982320465 2.3149227963057138E-5 4.615285990738486E-6 3.248601788626441E-5 
Dutch/CSTAUS_business10.nl,0.007756602665449313 0.0038192901092305295 0.006764760567781985 8.657043571497818E-4 7.887979756012612E-6 0.9795370583404724 0.0012347532170122171 5.357034912100669E-6 1.0680376996231393E-6 7.517690535925009E-6 
Dutch/CSTAUS_business11.nl,1.736187142029981E-5 6.506965092439596E-4 0.01676288756763524 5.947173299281518E-6 0.0016709107743843646 0.9808712330088296 6.4478997125625285E-6 5.5769726624238E-6 1.1118869208378078E-6 7.826335891280455E-6 
Dutch/CSTAUS_business12.nl,1.803304094267344E-5 0.0037312682579514036 0.007049051670297749 9.360867014123839E-4 8.529277795163015E-6 0.9873053479477244 6.697160501657747E-6 5.7925654396951065E-6 1.1548698801931946E-6 9.380385080546009E-4 
Dutch/CSTAUS_business13.nl,1.7843409420961118E-5 1.150746495893604E-5 0.005791899942002358 0.003949530253134979 8.43958577191826E-6 0.9892791039325904 7.953103611756585E-4 5.731652086121545E-6 1.142725520655779E-6 1.3949067333780338E-4 
Dutch/CSTAUS_business14.nl,1.2608731385681078E-4 0.002230062926352752 0.007001026021273344 0.003113643747656307 7.127870918595154E-6 0.987503856141805 5.596780492247764E-6 4.840815334338981E-6 9.651184580315585E-7 6.793263852531142E-6 
Dutch/CSTAUS_business15.nl,0.0060475502252438414 0.0015477936336948518 0.006393685844974976 5.499145547319996E-6 0.009113969964287379 0.9746250893024185 5.962149950832575E-6 5.156833816798019E-6 1.0281233961329593E-6 0.0022542647766693818 
Dutch/CSTAUS_business16.nl,0.0072117297692847766 0.002661690493071324 0.012882433054282794 5.869104863483635E-6 0.0029111865496939822 0.9743064031157859 6.363258250239211E-6 5.50376384365681E-6 1.0972912014387415E-6 7.723599722294946E-6 
Dutch/CSTAUS_business17.nl,0.0014043379887393637 0.005217491582584902 0.0019744617367097924 5.3807832643383935E-6 0.0025532507056437535 0.9885946722990954 2.3727208994188032E-4 5.045839368976864E-6 1.0059943160229774E-6 7.080980335646235E-6 
Dutch/CSTAUS_business18.nl,1.6055821112725198E-5 1.0354624191080106E-5 0.004265426893075598 5.499795978675142E-6 0.0026097237657788457 0.9929552743362042 5.962855145710349E-6 5.1574437599935315E-6 1.0282450011510571E-6 1.2551621975194927E-4 
Dutch/CSTAUS_business19.nl,0.002639414161917808 0.004064518461131111 0.01061960676281685 5.544389203117567E-6 3.6536859594639247E-4 0.9777549738468484 0.004537041657037498 5.199261137952701E-6 1.0365821758927966E-6 7.2962817849664975E-6 
Dutch/CSTAUS_business1.nl,0.01318517858216358 6.185177122599973E-4 9.46260353476523E-6 7.036067357708329E-6 9.715367222457533E-6 0.9861452883471803 7.628473967425675E-6 6.5980850616296E-6 1.315467176669438E-6 9.25929407534705E-6 
Dutch/CSTAUS_business20.nl,0.0026771052743341456 0.004779213925099279 0.003778171687047837 8.925070800137781E-4 7.121546005821393E-6 0.9878477006555543 5.59181419181505E-6 4.836519839219435E-6 9.642620606398112E-7 6.787235853173815E-6 
Dutch/CSTAUS_business21.nl,0.007917237591582004 9.129582840032778E-4 0.003054940310857945 1.1813346169190801E-4 7.247760199007929E-6 0.9879709805610272 5.690917155706884E-6 4.922236823823448E-6 9.813515462521427E-7 6.907525112904049E-6 
Dutch/CSTAUS_business2.nl,0.004318573589253955 0.006682989336257582 9.269048747907257E-6 6.892146658427615E-6 0.0022328544066834337 0.9867251274558678 7.472435764261825E-6 6.463123162076004E-6 1.2885596804329671E-6 9.069897923999836E-6 
Dutch/CSTAUS_business3.nl,0.005672255463174558 0.006763484568202397 9.816117326329484E-6 1.6426968776451172E-4 1.007832402294397E-5 0.9873543679656916 7.913466437644472E-6 6.8445831906731115E-6 1.364611768598521E-6 9.605212420521128E-6 
Dutch/CSTAUS_business4.nl,2.1168555263695864E-5 0.004847874521101821 1.656944910201544E-4 0.0054652444070710906 3.2189764562665714E-4 0.9891525610131741 7.861636461640813E-6 6.799753963769455E-6 1.3556741183566097E-6 9.542302198662168E-6 
Dutch/CSTAUS_business5.nl,0.0064536697892330725 0.002375684681004462 8.213536074689074E-6 6.10730364578393E-6 8.432934854274916E-6 0.9911263642191263 6.621512345527198E-6 5.727135188371428E-6 1.1418249819880973E-6 8.03706354541934E-6 
Dutch/CSTAUS_business6.nl,0.004148328025929203 0.002143401721762609 8.077334246608954E-4 6.195183046520531E-6 8.55427829884985E-6 0.9921977819804579 6.72884875914901E-4 5.809544257492957E-6 1.158254965002363E-6 8.15271070642811E-6 
Dutch/CSTAUS_business7.nl,5.456407373947621E-4 0.0019905427709649244 0.01425699851123922 6.134699281598747E-6 0.001459732146384168 0.9817193270322393 6.651214576050254E-6 5.7528254960723E-6 1.1469468857258292E-6 8.073115538030324E-6 
Dutch/CSTAUS_business8.nl,0.008160724379181751 2.615441615447519E-4 0.007650400094106331 5.825720502890453E-6 8.044126234660608E-6 0.9838929265302444 6.31622111307822E-6 5.463080079988086E-6 1.0891800365735276E-6 7.666506955472141E-6 
Dutch/CSTAUS_business9.nl,0.0023563280615557323 1.1374398069730444E-5 0.0018271068387364134 3.9582327351870634E-4 8.341994388511015E-6 0.9952498027729045 6.550106194860871E-6 5.665373968757677E-6 1.1295115825041422E-6 1.3787766908008965E-4 
Dutch/CSTAUS_electronics1.nl,0.0056160030352138774 0.004694373592982195 6.369642547314037E-6 4.736247676738193E-6 6.539787511501299E-6 5.379079994231409E-6 5.135019360736394E-6 4.441424940286878E-6 8.854915739969878E-7 0.9896561366781991 
Dutch/CSTAUS_electronics2.nl,0.010359363585262642 0.019206033108309598 6.669218981927181E-6 4.959002436036314E-6 0.010351733895152895 0.008644145561642341 5.376529112709456E-6 4.650313624122693E-6 9.271379311744182E-7 0.9514161416475465 
Dutch/CSTAUS_electronics3.nl,0.05795420718248025 0.013597251383990754 0.03846791237337588 0.02700980935125957 0.0649794365099506 0.014082516163061415 8.250175895889514E-6 0.001152683685738996 1.4226745269282809E-6 0.7827465104997198 
Dutch/CSTAUS_hardware10.nl,7.732581314108272E-4 0.002715919995799747 0.006268722740114515 3.9356893835608E-6 0.9803168304573111 4.469865064404884E-6 4.267057502437818E-6 3.690699933456093E-6 7.358187377169822E-7 0.009908169544742126 
Dutch/CSTAUS_hardware11.nl,0.02024568121992854 0.002663057246654664 0.007513086189115929 4.257099182919696E-6 0.9426374420026987 0.01575198223511524 0.002659657812114345 3.992102561941164E-6 7.95909697598618E-7 0.008520048182929955 
Dutch/CSTAUS_hardware12.nl,0.06641346361147761 9.902519248925049E-6 0.03032171269023892 5.259663174536726E-6 0.5463494526513616 0.29806222012128053 0.058598922895407426 1.1804658386232115E-4 9.833496347729045E-7 1.2003591431321009E-4 
Dutch/CSTAUS_hardware13.nl,0.0030621573444478 0.008529856776558313 0.008886434481438298 4.171175201213157E-6 0.9310570775188971 0.033644225147765376 0.010230926672149511 3.91152719059931E-6 7.798453008443902E-7 0.00458045951105085 
Dutch/CSTAUS_hardware14.nl,0.007865217453801298 0.010117090585902502 0.03167138306392393 0.005518308372089077 0.913143735652713 0.011116810866243512 0.00476666865970216 3.6432117426083684E-6 7.26350967029563E-7 0.015796415782914814 
Dutch/CSTAUS_hardware15.nl,0.004925203271677368 0.0017050650998429182 0.02501761594328982 0.002058713253649275 0.9456391192427303 0.004828466027833412 0.0023270490077841504 9.322378271327512E-5 7.765711610101747E-7 0.013404767799318398 
Dutch/CSTAUS_hardware16.nl,0.009291518250680144 0.010639959355086328 0.03335028831782095 4.494093557053606E-6 0.8923755039836196 0.038665097498488815 0.013052620262650177 1.0086432806879758E-4 8.402183013084631E-7 0.0025188136917266664 
Dutch/CSTAUS_hardware17.nl,0.005880318766629844 0.0029420829393779465 0.03110145335547411 4.546827655250006E-6 0.9071492181080782 0.01076141310302563 0.01389026946576163 1.0204787917056437E-4 8.500774984624854E-7 0.028167799477328254 
Dutch/CSTAUS_hardware18.nl,1.2018628250181883E-5 0.003106573336806161 0.009124928184042085 4.116887131182196E-6 0.9763118019363174 0.005936707021178941 4.463511321085768E-6 3.860618453419078E-6 7.696955722275623E-7 0.005494760180927218 
Dutch/CSTAUS_hardware19.nl,0.01596937400269486 0.01329223857764258 0.00875382100523011 0.007861445049466865 0.9336918039032692 0.006727858387156205 0.007942769183856347 2.4655322390260956E-4 7.042273120976382E-7 0.005513432439468969 
Dutch/CSTAUS_hardware1.nl,1.3200200609686949E-5 8.512994483467763E-6 0.0026316173171668325 1.0176371119931375E-4 0.9972238322437756 5.135327995914768E-6 4.902326924127078E-6 4.240162604398716E-6 8.453656898521557E-7 5.950349550619534E-6 
Dutch/CSTAUS_hardware20.nl,0.049818986752261235 0.014745162661404564 0.02056310843190079 0.013759490609948426 0.882654794055066 3.991479912023992E-6 0.005370152716431602 3.2957045533676766E-6 6.570680922510614E-7 0.01308036052042968 
Dutch/CSTAUS_hardware21.nl,0.018741819138569107 0.0032177973131608485 0.041137495795120875 0.007725495914072055 0.9028603512868317 0.00290932224271385 0.023399041546890237 3.333752420564067E-6 6.646537356569329E-7 4.678356484961548E-6 
Dutch/CSTAUS_hardware2.nl,0.0023679046998081057 0.010241240032764883 0.006475192736202341 5.4681047439811176E-6 0.9708889587882344 6.210269150233163E-6 5.9284956453576294E-6 5.127725246569956E-6 1.022319989790493E-6 0.010002946828214189 
Dutch/CSTAUS_hardware3.nl,0.004868840652068839 1.117690100330249E-5 0.027712658345220294 0.0026870340716948697 0.9520531623405876 6.74228706964303E-6 0.005623974053222818 5.567004390676483E-6 1.1098995359876227E-6 0.007029734445205876 
Dutch/CSTAUS_hardware4.nl,0.001393622401265797 0.0016006963109623763 0.0109343054988796 3.232149007323175E-4 0.9702354607244459 0.0015970111803584475 0.0029759775749380983 4.626138500259082E-6 9.223181112361399E-7 0.01093416295180588 
Dutch/CSTAUS_hardware5.nl,0.020405988249726288 0.004220875089306544 0.05275741789830185 0.0012241768738712909 0.8647383256626797 0.03369523954760495 0.010976801752584326 4.832231960552421E-6 9.63407181748237E-7 0.011975379286782656 
Dutch/CSTAUS_hardware6.nl,0.0023515888423282596 0.001878812447875915 0.011102047005493807 1.2221720384845E-4 0.964666273368337 6.167477788581278E-6 5.887645821449015E-6 5.092393066889911E-6 1.0152757758685516E-6 0.01986089833966371 
Dutch/CSTAUS_hardware7.nl,0.0047244685985353245 3.231807971528559E-4 0.0036700810263077515 4.867126890201129E-6 0.9864397864730922 3.1954504019483717E-4 5.27691804106744E-6 4.564157162610129E-6 9.099608265873837E-7 0.004507319901796475 
Dutch/CSTAUS_hardware8.nl,0.012947971973568602 0.007575719317444681 0.005285513807563945 4.091889341655477E-6 0.9546315925594813 0.006692660874381771 4.436408825195241E-6 3.837176730470063E-6 7.650219712030263E-7 0.012853410970691086 
Dutch/CSTAUS_hardware9.nl,0.0013792817311993344 5.342031657793948E-4 5.315770978002453E-4 4.88245865588892E-6 0.9902821509906043 5.545135616016017E-6 5.293540675484924E-6 4.578534553986605E-6 9.128272622676193E-7 0.007251574517852888 
Dutch/CSTAUS_industrial1.nl,2.930219958330982E-5 1.8897399424606453E-5 0.3408578382602744 0.0019527852160456335 1.3859370754487248E-5 6.589822133690351E-4 0.11679162181989823 9.41243959645584E-6 1.87656800812194E-6 0.5396654245130458 
Dutch/CSTAUS_industrial2.nl,2.0584339492818936E-5 0.021091084384824692 0.34210687607838786 1.5868992004853573E-4 0.024575240304722742 0.007741592700639529 0.11176552539826454 6.612092432114061E-6 1.3182598408942313E-6 0.49253247652134635 
Dutch/CSTAUS_industrial3.nl,2.1572239160118063E-5 0.01781255895715767 0.21708986115228784 7.389401846898017E-6 0.021146096226909605 0.007795300275326081 0.09392765629080092 6.929425126520668E-6 1.3815267948175056E-6 0.6421912545045895 
Dutch/CSTAUS_leisure10.nl,0.010724938891107464 0.9799790740566302 1.1536459849600882E-5 8.57811576624439E-6 1.184462008518362E-5 0.003699361831753219 9.300356219681278E-6 8.04414378327114E-6 1.6037694289271856E-6 0.005545717755376096 
Dutch/CSTAUS_leisure11.nl,0.012794727150448347 0.9703507545818923 1.1408080845111216E-5 8.482657542766444E-6 1.1712811839420361E-5 9.633975374707455E-6 1.916249082088898E-4 0.004568655812272778 1.585922504879359E-6 0.0120514140990706 
Dutch/CSTAUS_leisure12.nl,0.011098209855644883 0.9839295858338274 1.1352165105638387E-5 1.8997497231949947E-4 9.193248614984585E-4 9.586755262538399E-6 9.151783192027092E-6 7.915638727278011E-6 1.5781492404003527E-6 0.0038233199851817968 
Dutch/CSTAUS_leisure13.nl,0.01046133133943522 0.9803124660204079 7.438341947779023E-4 8.513720370429554E-6 0.0016596204647158477 9.669254238113931E-6 0.0012909031312681376 0.0014727524337509674 1.5917300289020778E-6 0.004039317711006454 
Dutch/CSTAUS_leisure14.nl,0.015619414648820955 0.9809665755311806 1.1609277335721845E-5 8.632260350795962E-6 1.1919382661390288E-5 7.523855056877646E-4 9.359059545378727E-6 8.09491796668007E-6 1.6138923314167368E-6 0.0026103955241192347 
Dutch/CSTAUS_leisure15.nl,0.005870666721965387 0.9819885629052966 1.1790959139268255E-5 8.767352707009127E-6 0.0020861636402451714 9.957311096771487E-6 0.002837766057081988 0.002836482132056369 1.6391492755849398E-6 0.0043482037711358185 
Dutch/CSTAUS_leisure16.nl,0.008363716973118858 0.9817430503419309 1.1587765182046683E-5 8.616264651334208E-6 0.002420815522998259 9.785716451998184E-6 9.341717076819062E-6 0.001119888330487141 1.6109017662984605E-6 0.006311586466336217 
Dutch/CSTAUS_leisure17.nl,0.01082277207122032 0.9790517873834989 1.164169574565494E-5 8.656365568253401E-6 1.1952667027168802E-5 9.831260109060248E-6 0.0022433509439930516 0.0024282470848259975 1.6183990566567961E-6 0.005410142128954944 
Dutch/CSTAUS_leisure18.nl,0.013554111140338896 0.9750392413042492 0.0014740593772084019 8.501267979379695E-6 0.001291536493298393 9.655111732875952E-6 9.217038179681369E-6 0.004030194315874656 1.5894019227506785E-6 0.004581894549215608 
Dutch/CSTAUS_leisure19.nl,0.006763320009816277 0.9777381971592107 1.1090437372105127E-5 0.0023137778902729785 0.005863889522761871 0.0014281542966965417 8.940785954905573E-6 0.004264098842455863 1.5417645137844522E-6 0.0016069892909448698 
Dutch/CSTAUS_leisure1.nl,8.885967873578261E-4 0.99714069167438 1.0819873996258139E-5 0.001392220951979458 5.30174767221147E-4 9.13724236816383E-6 8.722665681599757E-6 7.544482733651444E-6 1.5041514785528731E-6 1.058740280320116E-5 
Dutch/CSTAUS_leisure20.nl,0.008142205281718082 0.9801635550287294 1.1536459849600882E-5 8.57811576624439E-6 1.184462008518362E-5 9.742389768388132E-6 0.0033299578540060284 0.003882144557867343 1.6037694289271856E-6 0.004438831922780647 
Dutch/CSTAUS_leisure21.nl,0.004758344455163381 0.9831545218633314 7.39636036446333E-4 1.905283700236458E-4 1.168935471171269E-5 9.614681511389636E-6 0.0018298054484841004 0.003467130008632991 1.5827463942031654E-6 0.005837147035300768 
Dutch/CSTAUS_leisure2.nl,0.009076331014795217 0.9738574423462113 1.155137691429652E-5 8.589207583796737E-6 0.001674335550327971 0.00481246231843554 9.312381920566134E-6 0.005734359440287133 1.605843161479466E-6 0.004814010520362577 
Dutch/CSTAUS_leisure3.nl,0.011496757508521223 0.9778706746208472 1.138730720293123E-5 8.467210975116609E-6 0.00474618367363641 0.002741054234425222 5.554676741461763E-4 7.940142612105307E-6 1.5830346057586518E-6 0.0025604845930277823 
Dutch/CSTAUS_leisure4.nl,0.01756911940099905 0.9758045270096904 1.1082575456429387E-5 8.240622902759811E-6 8.974928616451984E-4 9.359090322482462E-6 1.8615729791803313E-4 0.0014255104593071267 1.5406715701797473E-6 0.004086970010188175 
Dutch/CSTAUS_leisure5.nl,0.00901146219121566 0.9785597176172872 1.170707877820306E-5 5.703330643158701E-4 0.002071322764509959 9.459332788394808E-4 1.9664726492789263E-4 8.16311296547404E-6 1.6274884402405176E-6 0.008623086138719918 
Dutch/CSTAUS_leisure6.nl,0.00920102632982844 0.9826318075621825 1.1252076080710811E-5 8.366657751967653E-6 7.312860626524079E-4 9.502231387355312E-6 0.0019883380069234016 0.003246646251035504 1.5642351176588318E-6 0.0021702105870400118 
Dutch/CSTAUS_leisure7.nl,0.0058347862048251905 0.9828372668652735 1.1354226282523857E-5 8.442613137599047E-6 0.007455898464647159 9.588495899515569E-6 9.153444852494563E-6 7.91707594488598E-6 1.5784357799904543E-6 0.0038240141733569934 
Dutch/CSTAUS_leisure8.nl,0.01586994784361072 0.9738598058234357 1.1389381162014475E-5 8.468753099940209E-6 0.0011044677231354938 9.618183736401697E-6 0.0036517621539618444 7.941588742485315E-6 1.5833229222975136E-6 0.00547501522619306 
Dutch/CSTAUS_leisure9.nl,0.009386026263123237 0.9792018469596953 0.001271471906520513 8.371176513611116E-6 0.0023519558497742104 9.507363462790142E-6 0.002709534036331867 1.8788062230379E-4 1.5650799479196815E-6 0.004871840742326717 
Dutch/CSTAUS_software10.nl,0.02292746784820548 1.0960012728503944E-5 0.9274438197673779 5.821344436853646E-6 0.017910757668796223 0.028550807714098694 0.0031361575578969124 5.458976416040849E-6 1.0883618847648968E-6 7.660748158651708E-6 
Dutch/CSTAUS_software11.nl,0.0016407056397047444 7.13330902482384E-6 0.9682585364439931 3.788813921722922E-6 0.01198312064605303 0.009130313775087308 0.007418991526014357 3.5529671998985104E-6 7.083588173831863E-7 0.0015531485201836514 
Dutch/CSTAUS_software12.nl,0.0012221162291611715 7.56871012856682E-6 0.9875892188208035 4.020074583171088E-6 5.550899224179094E-6 0.002252414702993998 0.008909298814656023 3.7698323090666387E-6 7.515954428905648E-7 5.2903206973466194E-6 
Dutch/CSTAUS_software13.nl,0.002831877561833643 8.226604445023792E-6 0.9840671990157837 5.681937983644205E-4 0.003388979122720734 0.0056432054397407205 0.0034816538429257907 4.097517107136773E-6 8.169263066379247E-7 5.750170772180713E-6 
Dutch/CSTAUS_software14.nl,0.0010403007117989846 7.504478417187922E-6 0.9769792894402811 3.985958298366719E-6 0.001548500257285553 0.01406293919945942 0.005919141343872657 8.94598655704424E-5 7.452170427746412E-7 3.4813352797352794E-4 
Dutch/CSTAUS_software1.nl,0.01826457527451234 0.006091577961558064 0.8784246476404002 3.722687349790423E-6 0.09647758535885374 4.227953100169537E-6 8.409624202055638E-5 3.4909568858604274E-6 6.959957556811725E-7 6.453799295636026E-4 
Dutch/CSTAUS_software2.nl,0.01800874038458705 1.9265585587398265E-4 0.9664485343061819 4.291279770643726E-6 0.014956625112570203 4.873718339792726E-6 4.6525870707352475E-6 4.024155470731552E-6 8.023001198251722E-7 3.748003000151272E-4 
Dutch/CSTAUS_software3.nl,0.012647319381963907 7.628728936037849E-6 0.9643983552471039 4.051953209558938E-6 0.012728226548075991 9.174322146452226E-5 9.153442278364369E-5 3.7997265493945842E-6 7.575554891093639E-7 0.010026583214423842 
Dutch/CSTAUS_software4.nl,1.0323174931809663E-5 6.657560278430686E-6 0.9982850669825131 3.5361228540425723E-6 2.3302625319828013E-4 8.00639309849038E-5 9.164082177611181E-4 3.316005688004743E-6 6.611155508719741E-7 4.609406362394395E-4 
Dutch/CSTAUS_software5.nl,0.0037033577457939656 8.501420741088446E-6 0.9805245447437494 4.515478180766934E-6 0.003987740085494704 5.128346320621377E-6 4.895662022723791E-6 4.234397940774768E-6 8.442163827863915E-7 0.011756237903373164 
