Dutch/CKTAUS_electronics1.nl,0.08528165237960024 0.488964156486946 0.18130093630518956 0.04763531494106696 9.39245021920557E-6 1.6532977112696042E-6 4.893375764640466E-6 3.591465732588723E-6 1.177017228874854E-5 5.649640809031711E-6 8.997061937358752E-6 6.9949697207033205E-6 8.26943768985361E-6 0.19671423758840645 9.36233150481272E-6 4.775014612574985E-6 4.444295400913873E-6 3.0959194787602976E-6 9.264162024355034E-6 1.1548703895898442E-5 
Dutch/CKTAUS_finance10.nl,2.4529385870670377E-6 1.325987799682607E-6 1.3161073574916184E-6 1.6240563244045384E-4 1.967590786965495E-6 3.463434214592364E-7 0.7175342160895891 7.523633048056287E-7 1.6339267551807187E-4 1.1835230367029091E-6 0.038061116535797856 1.4653511763539136E-6 1.7323349107212423E-6 0.16065701577481015 0.01086453271773282 4.435495073929802E-4 9.31019540301688E-7 6.485530933280804E-7 0.0037434930998035782 0.06835615585389995 
Dutch/CKTAUS_finance11.nl,2.5403209086487613E-6 1.3732241605667373E-6 1.3629917421862696E-6 1.5313228599125642E-6 2.0376833085615756E-6 3.586813953454283E-7 0.7045552428967733 7.79165138570828E-7 0.0012941667520074587 1.2256843003961063E-6 0.041625229674869035 1.5175521521131227E-6 8.512393221527374E-5 0.1676717983806669 0.012876498447519893 1.0359349634119907E-6 9.641857391207078E-7 6.716568413235728E-7 0.0016269426171267379 0.07024959889531106 
Dutch/CKTAUS_finance12.nl,2.4734377956531538E-6 1.3370690801645776E-6 1.3271060671149204E-6 1.4910052608550624E-6 4.0766366170331817E-4 3.492378135473038E-7 0.7278714217885869 7.586508051935577E-7 7.327096270248877E-4 1.1934137391133822E-6 0.03622909127219262 1.4775971166209736E-6 1.7468120341450074E-6 0.16175621873229784 0.010387376142396971 1.0086602380109233E-6 9.388000709089439E-7 6.539730517442427E-7 0.004099321175088493 0.058501441837635705 
Dutch/CKTAUS_finance13.nl,4.22243211844484E-5 1.311686737348245E-6 1.6049326511886387E-4 0.0010362064903566117 2.0093556022531355E-4 3.4260803350123993E-7 0.738410101502652 7.442489054705162E-7 7.98395859571763E-4 1.1707584873412234E-6 0.02503470457779127 1.449547050162267E-6 3.2009635582983307E-4 0.157531371128208 0.01026978234932215 9.89512267030063E-7 9.209782952136484E-7 6.415583093511478E-7 0.0031061511542027774 0.06308196653745143 
Dutch/CKTAUS_finance14.nl,8.209730704232297E-5 1.3128884901894418E-6 1.3031056559630366E-6 1.4640407700906295E-6 1.948153141550861E-6 3.4292192718176105E-7 0.7118797974728227 7.449307780634456E-7 0.0015161447482593805 1.1718311232827609E-6 0.02876223103396099 1.4508751090930927E-6 1.7152213361115936E-6 0.17476461449622954 0.009920682706383296 9.904188471947038E-7 9.218220853134028E-7 6.421460979588261E-7 0.007968781624619451 0.06509164225532016 
Dutch/CKTAUS_finance15.nl,2.526740241770935E-6 1.3658828440386774E-6 1.3557051286151892E-6 3.7450293727827287E-4 2.026789764316096E-6 3.567638688908469E-7 0.7389569259951941 7.749996876021257E-7 8.313838787035467E-4 1.2191317384247468E-6 0.02598620093453438 1.5094392518187504E-6 1.7844557357539735E-6 0.15177334116253927 0.00928507311380199 1.0303968097097188E-6 9.590311599150773E-7 6.680661344222623E-7 0.003773239316030077 0.06900375525955293 
Dutch/CKTAUS_finance16.nl,2.5028834921119083E-6 1.3529865737632052E-6 1.3429049533814411E-6 1.5087553285570688E-6 2.8936405736475283E-4 3.5339540775392003E-7 0.7237286748049088 7.67682364979366E-7 2.515895840756949E-6 1.207621049591696E-6 0.04737467887738933 1.4951875635126705E-6 2.891240113839123E-4 0.15842737145222832 0.010264729928417224 1.0206681014189627E-6 9.499762654233252E-7 6.617584474423712E-7 0.004845988184076277 0.05476438896884251 
Dutch/CKTAUS_finance17.nl,1.6205640099971582E-4 1.315246126107554E-6 1.3054457242342958E-6 1.6109000322362175E-4 0.0015582791520560722 3.4353773351921727E-7 0.6993507461803204 2.800871019188497E-4 0.0010799032173376948 1.173935453670953E-6 0.03859081033965555 1.4534805362070128E-6 1.7183014662671607E-6 0.170648902735962 0.012971341230663794 9.92197404220354E-7 9.23477458846406E-7 6.432992398414281E-7 0.0033939208290456905 0.07179299388767349 
Dutch/CKTAUS_finance18.nl,2.4219528602693657E-6 8.075630832323364E-5 6.368760462833217E-4 1.459969788830289E-6 1.9427360144506122E-6 3.4196838219323563E-7 0.7284114781460415 8.018992990128178E-5 2.434544455171406E-6 1.1685726740369297E-6 0.031462900877022075 1.4468407368946688E-6 1.7104519102463466E-6 0.16124933614929343 0.013468214958224879 4.071120009808512E-5 9.192588230659679E-7 6.403605160374776E-7 3.99151553427723E-4 0.06415589817522319 
Dutch/CKTAUS_finance19.nl,2.411225232529349E-6 1.3034387642145214E-6 1.2937263435101999E-6 1.4535031012810937E-6 1.9341309961193173E-6 3.4045369148095775E-7 0.7243546042317959 7.395690190293877E-7 5.165423871408881E-4 1.1633966803832671E-6 0.021080716380573374 1.4404322022451666E-6 1.7028757547970277E-6 0.17710554846992502 0.009611991477971654 9.83290148317135E-7 9.151871226574469E-7 6.37524148184021E-7 0.006052688466540263 0.06126158983284797 
Dutch/CKTAUS_finance1.nl,2.5028834921119083E-6 1.3529865737632052E-6 1.3429049533814411E-6 1.5087553285570688E-6 1.2516039795762977E-4 3.5339540775392003E-7 0.7315693995415989 7.67682364979366E-7 0.0023013671275404794 1.207621049591696E-6 0.03797401937633153 1.4951875635126705E-6 1.7676074214469756E-6 0.1595357461532264 0.005092314657092848 4.207158295319972E-5 4.200089111720408E-5 6.617584474423712E-7 1.9802315661474054E-6 0.06330297925801291 
Dutch/CKTAUS_finance20.nl,2.459072419248244E-6 1.3293035723156697E-6 3.6431054656700835E-4 1.4823457134706387E-6 1.22969560337002E-4 3.472094897886666E-7 0.7254993357495609 7.542446687644767E-7 4.461277047281454E-4 1.1864825611394372E-6 0.03569601904284873 1.46901544183927E-6 1.7366667972511512E-6 0.17856299543264573 0.0062534804037516 1.0028020822047991E-6 9.333476530590739E-7 6.501748688817169E-7 2.0360731808680745E-4 0.052837803576205884 
Dutch/CKTAUS_finance21.nl,2.438907213186699E-6 1.3184028439579873E-6 1.3085789201728064E-6 1.4701899890061587E-6 1.956335714326912E-6 3.4436225729022195E-7 0.721710088571324 7.480596133560202E-7 2.4515869528033884E-6 1.1767530122467205E-6 0.042323578634678054 1.4569690300051132E-6 1.722425555898235E-6 0.15869797873755764 0.011602417311452142 9.945787739084178E-7 9.25693894022262E-7 6.448432202062191E-7 0.004562113292044087 0.06108486576595349 
Dutch/CKTAUS_finance2.nl,2.4110345313353957E-6 1.990256299074531E-4 1.2936240240939018E-6 1.453388145293951E-6 1.9339780277921592E-6 3.4042676536697417E-7 0.7382565097828162 7.395105273161139E-7 0.0015446574643627055 1.1633046685989687E-6 0.029067029816454967 1.440318280021282E-6 7.530474591532356E-4 0.16060150204493057 0.008820342099045593 9.83212380963527E-7 9.151147414984299E-7 6.374737270891385E-7 7.137078217287216E-4 0.06003086649578102 
Dutch/CKTAUS_finance3.nl,2.471432575958259E-6 1.335985116275252E-6 1.3260301802550728E-6 1.4897965006753996E-6 1.9824254845598278E-6 3.489546859331153E-7 0.7164179354418919 7.580357658589137E-7 0.0018265626234851692 1.1924462368224275E-6 0.034780992694695416 4.201147349471235E-5 1.7453958910342719E-6 0.1739882803773264 0.013621761022590769 1.0078425156577387E-6 9.38038984296997E-7 6.534428748198047E-7 0.0032042262154209494 0.05610298032428234 
Dutch/CKTAUS_finance4.nl,2.4657354959852857E-6 1.3329054392797463E-6 1.322973451110617E-6 1.4863622618090967E-6 0.0015792015779120569 3.481502849666297E-7 0.7318732792068956 7.562883621779544E-7 6.091030632764158E-4 1.189697441795311E-6 0.03199122701323529 1.4729958706140622E-6 1.741372451320621E-6 0.16537755558548403 0.013266827433830546 1.0055192641688172E-6 9.358766420331242E-7 6.51936575861123E-7 1.9508408115314204E-6 0.05528614546501323 
Dutch/CKTAUS_finance5.nl,2.427835835837107E-6 1.3124179769219176E-6 1.3026386486698062E-6 1.4635160868355994E-6 1.9474549619970615E-6 3.427990307456435E-7 0.6995193863619119 7.446638096064249E-7 2.015405809045643E-4 1.1714111621855904E-6 0.04464011302574877 1.4503551441505631E-6 1.714606634709752E-6 0.1620392144993155 0.012226688755427949 9.900639006691662E-7 9.214917225105617E-7 6.419159654981973E-7 0.00406356336228215 0.07729306224352869 
Dutch/CKTAUS_finance6.nl,2.4148542955878496E-6 1.3054005309563477E-6 1.2956734923777974E-6 1.4556907253732413E-6 3.980081271295401E-4 3.4096609816043984E-7 0.7275439854566347 7.406821222641924E-7 0.0018639615090994815 4.077225618703305E-5 0.031806363635507054 1.442600153717688E-6 1.7054387022195992E-6 0.17040125364133324 0.009745279524711643 9.847700689420956E-7 9.165645434531672E-7 6.384836667324604E-7 0.003962621435925672 0.0542245132890717 
Dutch/CKTAUS_finance7.nl,2.4310303575604855E-6 1.3141448431603772E-6 7.987527398761532E-4 1.4654417664317647E-6 1.9500174034478264E-6 3.432500822270928E-7 0.7202165268658935 7.456436306805221E-7 2.4436691458536485E-6 1.1729524930900004E-6 0.03265737938572196 1.4522635067120727E-6 1.7168626966974607E-6 0.16811366969739303 0.01383767328271364 9.913666166895555E-7 9.227042119556969E-7 6.427605920030452E-7 0.0054644448353144545 0.058893961085740486 
Dutch/CKTAUS_finance8.nl,0.0013439464796703947 1.3004558306171763E-6 1.2907656368918476E-6 0.001421905112387854 3.965005201732532E-4 3.3967455955505507E-7 0.726958275754873 7.378765073940232E-7 0.0010677594159849372 1.1607342345973724E-6 0.03421113817120056 1.437135757694997E-6 1.6989787053609162E-6 0.1585894400925101 0.012667646692903057 9.810398782623535E-7 9.13092707107609E-7 6.360651673304918E-7 0.0031190127896619977 0.060213879151649816 
Dutch/CKTAUS_finance9.nl,2.43783452279034E-6 1.3178229784913556E-6 1.3080033755055237E-6 1.4695433638809784E-6 0.0022810444743358842 3.442107984383778E-7 0.7103570741766015 7.47730598640408E-7 0.0015618271922565683 1.1762354478029817E-6 0.03470800037065078 1.4563282197775535E-6 3.6157782573862637E-4 0.16266656529743373 0.0119971544628982 9.941413341020056E-7 9.252867514525418E-7 6.445596025574081E-7 0.005879579342654188 0.0701743551604369 
Dutch/CKTAUS_hardware1.nl,0.03009422097759434 3.60599219058071E-6 3.579122563734432E-6 0.861055005228177 5.350816209436044E-6 9.418726728405449E-7 2.7877235172095874E-6 2.0460340602364428E-6 6.705388604744461E-6 3.218562666070236E-6 5.125566143888616E-6 3.984987569007254E-6 4.711043465879839E-6 0.10878451017190989 5.33365777884345E-6 2.7202939587601336E-6 2.5318854309289513E-6 1.7637246664545588E-6 5.277731280959992E-6 6.579219539305401E-6 
Dutch/CKTAUS_industrial1.nl,6.634414649711913E-6 0.9923873631744231 3.5596496297024484E-6 3.999270635711387E-6 1.1413571463502943E-4 9.367482256895607E-7 2.772556348390034E-6 2.034902201639065E-6 1.1548291720758781E-4 3.201051430464826E-6 5.097679473449375E-6 3.963306445025686E-6 4.685412089194832E-6 0.007213244379722059 1.1411864955831926E-4 2.7054936539750217E-6 2.518110200521201E-6 1.7541287687257544E-6 5.249016725578731E-6 6.5434239760662495E-6 
Dutch/CKTAUS_industrial2.nl,0.003193164757137102 0.9748422970472725 3.5944599867387313E-6 2.2379461897807304E-4 5.373745776714331E-6 9.459088295639605E-7 2.7996696000947355E-6 2.05480182085493E-6 6.734122848852566E-6 3.2323550009781126E-6 5.147530459076333E-6 4.002064223668939E-6 4.731231449147014E-6 0.02167781744308376 5.356513818014386E-6 2.7319510893552958E-6 2.5427351845099134E-6 1.7712826616868611E-6 5.300347661292786E-6 6.6074131178475095E-6 
Dutch/CKTAUS_industrial3.nl,0.0018973614280434687 0.9756318679403387 0.0043106148928534205 3.8610459270817414E-6 5.13777273569425E-6 9.043718845139791E-7 2.6767299269437354E-6 1.964570936382906E-6 6.438412647202842E-6 3.090415156606904E-6 4.9214910320838595E-6 3.826324747992765E-6 4.523472630770665E-6 0.01809956840407117 5.1212974703449244E-6 2.6119850855173806E-6 2.4310780687978957E-6 1.69350172943741E-6 5.067597693566611E-6 6.317267020231449E-6 
Dutch/CKTAUS_industrial4.nl,0.00307758522083845 0.967529486834755 3.863153307735674E-6 4.340257382626179E-6 5.775444391879252E-6 1.016617471672527E-6 3.0089506952575614E-6 2.208402508377678E-6 7.237512464799099E-6 3.4739802250891454E-6 5.532319011205143E-6 1.2239296300384995E-4 5.084900788955106E-6 0.029202865958619914 5.756924308613322E-6 2.936170085729798E-6 2.7328099005068576E-6 1.9036897054566714E-6 5.696559615468215E-6 7.101330919237201E-6 
Dutch/CKTAUS_industrial5.nl,0.0035902299318050805 0.9367060169507984 8.399282219933742E-4 1.2382110728784433E-4 5.840972598427036E-6 1.0281520160545165E-6 3.043090257388603E-6 2.233459048773616E-6 7.319629299367252E-6 3.513396013431363E-6 1.2502669405064934E-4 4.350028534823654E-6 0.003229795938106078 0.04697121612776528 5.822242386249946E-6 2.9694838788826954E-6 2.7638163684884447E-6 0.008362137662358876 5.761192795145096E-6 7.181902637648037E-6 
Dutch/CKTAUS_legal10.nl,3.944507466143704E-6 1.3152355949808624E-4 2.1163983987384155E-6 2.3777761437292508E-6 0.01902368110645566 5.569459500529995E-7 1.6484301621098563E-6 1.2098560839253688E-6 3.9650147356767005E-6 1.903192961797583E-6 0.035068065716289634 2.3563935461432342E-6 2.785723224066424E-6 0.08315263275710373 0.7929775681029854 1.60855787302536E-6 1.4971485821977988E-6 1.0429215522603267E-6 0.05091858658947863 0.018700929301509083 
Dutch/CKTAUS_legal11.nl,3.102337863997553E-6 1.6770343048306123E-6 1.6645380808795702E-6 1.8701105337273054E-6 2.4884974419822176E-6 4.3803555295046894E-7 1.2964831102395286E-6 9.515465166095675E-7 3.1184667417612495E-6 1.496852937548271E-6 0.036027430847993855 1.8532932142796698E-6 2.190959127550491E-6 0.09384268655924595 0.8338703788152715 1.2651237293249781E-6 1.1775008095302899E-6 8.202532378318589E-7 0.006566340209682584 0.029667752534603124 
Dutch/CKTAUS_legal12.nl,3.49600050354101E-6 1.8898369652712954E-6 1.875755067315503E-6 2.107413071754703E-6 0.002984456834872468 4.936188709344625E-7 1.460996772411305E-6 1.0722903974498781E-6 3.514176010934256E-6 1.6867919784380143E-6 0.03773205907815083 2.0884617647615358E-6 2.4689748663559263E-6 0.11773454617430397 0.7535008024849438 5.876513055949202E-5 1.3269165395587899E-6 9.243370187914466E-7 0.03721608357334356 0.050748881153998386 
Dutch/CKTAUS_legal13.nl,3.462448097459774E-6 1.8716995029849232E-6 1.8577527541969095E-6 2.0871874513370857E-6 0.034928113441217344 4.888814285942285E-7 1.446975047602722E-6 1.061999231068235E-6 3.480449167805836E-6 0.018060624872242147 0.00880498091530628 0.003693364101947921 2.445279204059415E-6 0.1949168619802268 0.039698394342003056 1.1499030429822759E-4 1.3141816321907587E-6 0.0084625009566496 0.5923137237783528 0.09898692845423852 
Dutch/CKTAUS_legal14.nl,8.811710951909773E-4 1.9283148222681715E-6 1.9139462110848655E-6 2.1503208676643275E-6 0.001816576121553476 5.03669153935488E-7 2.9402538149389025E-4 1.0941226704609402E-6 3.585726078212768E-6 1.7211357560879017E-6 0.005619405965375946 2.1309837042751923E-6 2.519244208940664E-6 0.11123861690008913 0.06529658344128852 1.454685114212346E-6 1.3539331054288534E-6 9.431569002307275E-7 0.6945970672883213 0.120235254568094 
Dutch/CKTAUS_legal15.nl,2.661526234166643E-6 1.4387442611271996E-6 1.4280236274207007E-6 1.6043862611059993E-6 0.003276101328381108 3.757950187195615E-7 0.003842566200664479 8.163411362690466E-7 2.675363357387139E-6 1.2841648900357391E-6 0.6206151199691877 1.5899585169786827E-6 1.8796454324444564E-6 0.1484324558666582 0.046317839708912484 1.0853621180790335E-6 1.0101895514626638E-6 7.037033382097628E-7 0.10158237059656387 0.07591499312588863 
Dutch/CKTAUS_legal16.nl,2.7089458080782135E-6 1.4643779140871265E-6 1.4534662742293833E-6 1.6329711053636196E-6 0.005733724900702238 3.8249044010485997E-7 1.132082526369973E-6 8.308856289557723E-7 2.7230294629612028E-6 1.3070444510695458E-6 0.21544623217391615 0.002400872593997347 1.9131344825868662E-6 0.10273649890549813 0.006755622545272318 1.1046996727942072E-6 1.0281877802553547E-6 7.162409987556884E-7 0.650244491283468 0.01666416004060026 
Dutch/CKTAUS_legal17.nl,3.046988788396462E-6 1.6471141921308027E-6 1.6348409143817916E-6 1.8367457314873935E-6 0.01669410408017852 4.302205231248715E-7 1.273352444003286E-6 9.345698936901305E-7 3.062829909470256E-6 1.4701474560578321E-6 0.11824326191044678 1.8202284512767207E-6 2.1518700380618843E-6 0.1344473064283464 0.019642623005672943 1.2425525484901117E-6 1.1564929167139164E-6 8.056190295466613E-7 0.6552250274857894 0.05572516351672915 
Dutch/CKTAUS_legal18.nl,2.766972711885166E-6 1.4957455834234288E-6 1.4846002110655694E-6 1.66795012080494E-6 8.644843404262973E-4 3.906835667111058E-7 1.156332270924961E-6 8.48683593138821E-7 2.7813580453343005E-6 5.459233692300892E-4 0.08323337540709129 1.6529507667569245E-6 1.9541147304234177E-6 0.1198225777089347 0.5175880350784423 1.1283628636404932E-6 1.0502120500810723E-6 9.149630443177298E-5 0.21860902021081957 0.0592267096141098 
Dutch/CKTAUS_legal19.nl,9.946770834556999E-5 1.5906734841509123E-6 1.5788207677015958E-6 1.7738070293867938E-6 0.001836337799573813 4.154784056513804E-7 1.2297192133561166E-6 9.025455284648366E-7 2.957877691015473E-6 1.419770764720241E-6 0.03364126842874385 1.7578557372499575E-6 2.078133153874269E-6 0.14745611448823778 0.07147921077320885 1.1999747200225698E-6 1.11686404380097E-6 7.780133488920227E-7 0.6697901979435736 0.07567860332442819 
Dutch/CKTAUS_legal1.nl,2.5971307941719E-6 1.4039339449462634E-6 1.3934726962180863E-6 1.5655682483886493E-6 2.083252573097279E-6 3.667026846791811E-7 1.0853544511712468E-6 7.965898199073976E-7 2.6106331291695314E-6 1.253094610863554E-6 0.9547219924283733 1.5514895825154875E-6 1.8341675434413188E-6 0.029404066720834822 0.0015355580288488845 1.0591018579883757E-6 9.857480863328269E-7 6.866772854479813E-7 2.054798154305269E-6 0.014315055106480115 
Dutch/CKTAUS_legal20.nl,3.1188421993986514E-6 1.6859560721749362E-6 1.6733933687234733E-6 1.8800594602591151E-6 0.0028670994108728693 4.403658876852501E-7 0.006600108738163425 9.566087127817262E-7 3.1350568822615747E-6 1.5048161459447875E-6 0.016218065402130145 1.8631526732251369E-6 2.2026149580487837E-6 0.16585456137311863 0.0393907117410762 1.2718541459552813E-6 1.1837650751091883E-6 8.24616958079134E-7 0.7110876867817705 0.05796002545032856 
Dutch/CKTAUS_legal21.nl,2.8281957571488034E-6 1.5288409945792648E-6 1.5174490156562541E-6 1.7048557922287672E-6 2.2685981397335355E-6 3.993279734975454E-7 0.06327237778388099 8.674618751992336E-7 0.0032035118984814074 1.3645815873822188E-6 0.030153402799965413 1.6895245570140664E-6 1.99735218414935E-6 0.15772756117006792 0.0734784887809405 1.1533294310293719E-6 1.0734494241261254E-6 7.477704971934873E-7 0.6612882847296593 0.010857232099775517 
Dutch/CKTAUS_legal2.nl,3.1846563914458744E-6 0.001934341718990367 6.807374194041077E-4 1.9197327064405184E-6 0.014523322409598595 4.496585428599014E-7 1.3308844505110285E-6 9.76795187605365E-7 3.201213238542734E-6 2.62701460916323E-4 0.09151462443185593 4.197662930780029E-4 2.249094810053819E-6 0.12615777194676958 0.4503030495966063 1.2986929687190931E-6 1.2087450314555059E-6 8.420181266457517E-7 0.2631522627551721 0.0510347604761543 
Dutch/CKTAUS_legal3.nl,4.8061057782186565E-6 2.598042062488804E-6 2.578683057515816E-6 2.897153513277517E-6 0.45191960055250774 6.785995898550247E-7 2.008496572793017E-6 1.4741248091618831E-6 4.8310924482767E-6 2.3189071815099986E-6 0.031061568964539685 2.871100317360525E-6 3.3942084274447116E-6 0.09319646180434775 0.12194936138935514 1.959914984190487E-6 1.8241705747833842E-6 1.2707267869484922E-6 0.2195372668144176 0.08230022914872832 
Dutch/CKTAUS_legal4.nl,9.362759463316628E-6 5.061237523506506E-6 3.12149159773317E-4 0.0027697746547900417 0.9825024180643512 1.3219777143716576E-6 3.912745819948802E-6 2.8717378776057218E-6 9.411435916215971E-6 4.51745574486352E-6 7.194055429300847E-6 5.5931814460525685E-6 6.612246700551337E-6 0.0025014869544232638 7.486125166421276E-6 3.818104180871129E-6 3.5536609263076092E-6 2.4754988339440256E-6 0.011831744594245668 9.23434967349644E-6 
Dutch/CKTAUS_legal5.nl,5.345923863270685E-6 2.8898521382081824E-6 2.8683187447645137E-6 3.222559555884196E-6 0.44524787427985163 7.548193711117754E-7 2.2340893549311887E-6 1.6396973679715223E-6 5.3737170167905975E-6 2.579365043217755E-6 0.011490304921735228 3.1935800851454693E-6 3.7754432937005624E-6 0.08516354743763203 0.0072817887145569535 2.1800511198588583E-6 2.029060003341239E-6 1.7677524435347387E-4 0.44305579332793343 0.007545829596979248 
Dutch/CKTAUS_legal6.nl,2.9664888383878973E-6 1.6035982426695295E-6 1.5916492189016945E-6 1.7882198097228461E-6 0.0010727832380399169 4.188543078187637E-7 1.239711096691505E-6 9.098790152700764E-7 2.981911444809003E-6 1.431306881005977E-6 0.012457886165938003 5.042685299960943E-5 2.0950186866067734E-6 0.15531994097907306 0.046613587997407474 1.2097249193181944E-6 4.97806530324746E-5 7.843349697393443E-7 0.7495282176087757 0.034888355807302755 
Dutch/CKTAUS_legal7.nl,2.4458592341040794E-4 1.5928259523773446E-6 1.5809571970641077E-6 1.7762073103423888E-6 5.822980126020193E-4 4.160406228982535E-7 9.677888319697638E-4 9.037668354095274E-7 1.4794549754188139E-4 1.4216919707316111E-6 0.038761217740565214 5.0088106869451025E-5 2.0809452429853147E-6 0.16838830649152292 0.16542866331339406 1.2015985023280562E-6 1.1183753623660177E-6 7.790661413286328E-7 0.5416611255257284 0.08375510908125798 
Dutch/CKTAUS_legal8.nl,2.8928755258542072E-6 1.5638050106544519E-6 2.862362472975241E-4 1.743845200242232E-6 2.3204801222987732E-6 4.0846045341805035E-7 5.231297881703777E-4 8.873004006290313E-7 2.9079154208584117E-6 1.3957890528585525E-6 0.050391307575178027 9.662286161081827E-5 2.0430308741648717E-6 0.09116010155025464 0.6856639553553332 1.1797056394836687E-6 1.0979988069946657E-6 7.648717260178875E-7 0.09067417297803651 0.08118526756588523 
Dutch/CKTAUS_legal9.nl,3.4432850519432625E-6 1.8613405136919871E-6 1.8474709536947683E-6 2.0756358361198616E-6 0.014008527923863716 4.861756964634851E-7 1.4389667113279313E-6 1.0561215575174339E-6 5.993604915739707E-5 1.6613571992368232E-6 0.029708423474545952 2.056970291873439E-6 2.431745716951739E-6 0.08924664183385052 0.022140899290454825 1.4041609318561465E-6 1.306908245925962E-6 0.004744798862802444 0.8244227694084884 0.015646933018130187 
Dutch/CKTAUS_pharma10.nl,4.00435126236736E-6 3.305504429760088E-4 2.1485071767263537E-6 2.4138503943757876E-6 3.212035023277303E-6 5.653956133452195E-7 1.6734391954446753E-6 1.2282113238552765E-6 4.0251696563866376E-6 0.3393558242596218 3.0768199324920963E-6 0.0937237012509431 2.827986612940046E-6 0.017095086342133383 3.2017350096250506E-6 1.632961986946685E-6 0.549456650902241 1.058744157588475E-6 3.1681629595116253E-6 3.949431779924023E-6 
Dutch/CKTAUS_pharma11.nl,3.923187166575831E-6 2.1207617451894878E-6 2.1049591383863033E-6 2.3649241209799547E-6 3.146930365560313E-6 5.539356237701462E-7 1.6395202981599072E-6 1.2033167391872233E-6 5.187112036769463E-4 0.09394698357139408 3.0144559460753717E-6 0.09980291600085597 2.770666222866642E-6 0.012437407645541998 3.136839122627698E-6 1.5998635211906839E-6 0.7932583916056325 1.0372844986837192E-6 3.1039475435600906E-6 3.869380845751392E-6 
Dutch/CKTAUS_pharma12.nl,4.037497685687377E-6 2.1825547124151907E-6 2.166291662581814E-6 2.433831285601566E-6 3.2386229686458437E-6 5.700757328240841E-7 1.6872912579482342E-6 0.0011269921583333018 0.0017257995642595931 0.21614667389021752 3.102288621245829E-6 0.7411457242889326 2.851395558677847E-6 0.010283407537487015 3.2282376955869234E-6 1.6464789952554994E-6 0.029536013975222857 1.0675080196314556E-6 3.194387749426955E-6 3.982123601663332E-6 
Dutch/CKTAUS_pharma13.nl,3.7455615259341412E-6 2.0247424507629983E-6 2.0096553204431017E-6 2.2578501670180056E-6 3.0044504127811765E-6 5.288557165751235E-7 6.299792432241767E-5 0.007618795538629141 3.765034486861212E-6 0.6795081796448551 2.8779738854768895E-6 0.27724771795732694 2.6452219496405644E-6 0.019983401201208506 2.99481605946781E-6 1.5274283375441195E-6 0.015543878217779073 9.903205594722228E-7 2.9634136746587317E-6 3.694191332115938E-6 
Dutch/CKTAUS_pharma14.nl,6.788782017999998E-4 2.223937854270181E-6 2.207366442820749E-6 2.4799788505493E-6 3.3000300861691383E-6 5.808848661692182E-7 1.7192837725372906E-6 0.005264422225847824 4.1354408877079756E-6 0.7554004505133491 3.1611107205764208E-6 0.15877446208630375 4.7524036525114827E-4 0.03335289459037625 3.2894478992707825E-6 1.6776976737309274E-6 0.04602047650484626 1.087748903196231E-6 3.254956128593998E-6 4.057628139970819E-6 
Dutch/CKTAUS_pharma15.nl,3.89287776431785E-6 2.1043773571654036E-6 2.088696836703243E-6 2.346653405500696E-6 3.122618097427851E-6 5.496560783564287E-7 1.6268538414967073E-6 1.1940202642694536E-6 3.9131166139732475E-6 0.8315052487828053 2.9911671367529484E-6 0.11690954135248843 2.749260861994001E-6 0.012532866357038387 3.112604816501213E-6 1.5875034412447755E-6 0.039013115375927956 1.0292707405346237E-6 3.079967348200829E-6 3.839487135468493E-6 
Dutch/CKTAUS_pharma16.nl,4.711402306094788E-6 2.546848098935896E-6 2.5278705597633728E-6 2.840065611003977E-6 3.779186246258331E-6 6.652279038566939E-7 1.9689194998009014E-6 7.87189000149766E-5 4.735896618198075E-6 0.11946760291733093 3.620096134326539E-6 0.836337396275029 5.442440841831382E-4 0.0325546628755293 3.767067552144234E-6 1.921295202888206E-6 0.010974671031525884 1.2456873382975237E-6 3.7275676621592552E-6 4.646785653039208E-6 
Dutch/CKTAUS_pharma17.nl,4.107400501092455E-6 2.2203421567806156E-6 2.2037975382482757E-6 2.475969181974266E-6 3.2946945459365076E-6 5.799456824366329E-7 1.7165040076563193E-6 0.004986441353530715 7.149607268316608E-5 0.8520638203692752 3.1559997873458043E-6 0.13076241802101918 2.9007629126435705E-6 0.01207826392610291 3.2841294684833604E-6 1.6749851459046209E-6 1.5589750785136599E-6 1.085990213764784E-6 3.2496934646406153E-6 4.0510677033612844E-6 
Dutch/CKTAUS_pharma18.nl,4.177475404321054E-6 2.258222626856372E-6 2.241395746454925E-6 2.5182108140668003E-6 3.350904161096482E-6 5.898399300425778E-7 1.7457886737598624E-6 0.23597261689192678 4.199193860888619E-6 0.4039761719803152 3.2098431804186038E-6 0.32442882366399983 2.950251799918756E-6 0.03537443726639308 2.0889010272171589E-4 1.7035614734327955E-6 1.5855721994259218E-6 1.104517907647212E-6 3.3051353323125727E-6 4.120181532706643E-6 
Dutch/CKTAUS_pharma19.nl,5.264680173991678E-6 2.8459341447642544E-6 2.82472800108523E-6 3.1735853029884254E-6 4.22299044145732E-6 7.433481433096529E-7 2.200137195114509E-6 1.6147783704544902E-6 0.004236362723252849 0.020121712954343427 4.045217773417077E-6 0.8974218694805891 3.7180666924452915E-6 0.05571971794692491 9.055782967054615E-5 2.146920196126285E-6 0.016839932531898288 0.005527688361452755 4.165310090967111E-6 5.192475341937463E-6 
Dutch/CKTAUS_pharma1.nl,3.840887689479668E-6 2.0762730233253767E-6 2.0608019190025573E-6 2.3153134319496296E-6 3.0809149774212604E-6 5.423153236810709E-7 1.605126919129542E-6 1.1780739112997623E-6 3.860856245698712E-6 0.0029626709251583793 2.951219567702948E-6 0.994207089848601 2.7125439942631697E-6 0.0027900771737633585 3.071035425642124E-6 1.5663020504709117E-6 1.4578194129537919E-6 1.015524646752888E-6 3.0388338365350245E-6 3.7882101019733956E-6 
Dutch/CKTAUS_pharma20.nl,4.190971516361244E-6 2.2655182354797577E-6 2.2486369927084095E-6 2.5263463629325847E-6 3.3617298808475356E-6 5.91745517750742E-7 1.7514287690947594E-6 1.2854513345831389E-6 4.212760138446211E-6 0.07293304408768338 5.531242431693214E-4 0.8801926416351247 2.9597831376250876E-6 0.031020750728168355 3.350949841583647E-6 1.7090651459353359E-6 0.015261427526988922 1.1080862583828224E-6 3.3158131873411728E-6 4.133492546227827E-6 
Dutch/CKTAUS_pharma21.nl,4.35688543483546E-6 2.3552065109442474E-6 2.3376569665330586E-6 2.6263604104776166E-6 7.495404778618857E-5 6.151717847168372E-7 1.8207650575602278E-6 0.008362066525105715 4.3795366339277285E-6 0.11748108014315786 3.34769631112757E-6 0.8323597411393027 3.076956259962042E-6 0.02260181670589028 3.4836086336220164E-6 1.7767243257180786E-6 0.018152298684320462 1.1519536367264837E-6 9.324171015072279E-4 4.297130963394657E-6 
Dutch/CKTAUS_pharma2.nl,4.131615721813281E-6 2.2334322061653533E-6 2.2167900486690396E-6 2.490566283041845E-6 3.3141184505731105E-6 5.833647580058543E-7 1.7266236741954173E-6 0.006032306209455881 4.1530957565048684E-6 0.050351004145514376 5.452904679196244E-4 0.8828381492800272 1.3844682986539198E-4 0.023533904551823758 3.303491086600206E-6 1.6848600375791477E-6 0.0365266243618122 1.0923926799279878E-6 3.268852064952508E-6 4.074950813509859E-6 
Dutch/CKTAUS_pharma3.nl,4.583540546761478E-6 2.477729722383043E-6 2.4592672106670534E-6 2.762989665870775E-6 3.676623703112792E-6 6.471744232539665E-7 1.915485406324202E-6 1.405859784527014E-6 4.607370112864379E-6 0.10374606374248528 3.521851104371885E-6 0.12983290682851545 3.237026538587465E-6 0.026784682912541026 3.6648338956972994E-6 1.8691535752199119E-6 0.7391390984193326 1.211880890809924E-6 2.2915651950935445E-4 2.300507910359147E-4 
Dutch/CKTAUS_pharma4.nl,7.143621881024921E-5 2.219146173372288E-6 2.202610466569702E-6 2.4746355055171817E-6 3.292919864498148E-6 5.796332957119981E-7 1.715579415783299E-6 1.2591399025275961E-6 4.126530695785146E-6 0.16294307514287024 3.154299813595893E-6 0.29821158758794825 2.899200421788538E-6 0.020622798896084593 3.28236047790544E-6 1.67408291809366E-6 0.5178445156584497 1.0854052470409385E-6 3.2479430229557647E-6 2.7337300861577794E-4 
Dutch/CKTAUS_pharma5.nl,4.57322654374564E-6 2.4721542700512973E-6 2.453733303162844E-6 2.756772314141083E-6 3.668350468137528E-6 6.457181344123785E-7 1.9111751308818737E-6 0.008177224547366597 4.597002487934619E-6 0.7653041363303019 3.5139261427529696E-6 0.18759658931695872 3.229742496668182E-6 0.024849222819403074 3.6565871904555455E-6 1.8649475568777144E-6 0.013878130665493624 1.2091538846811176E-6 3.6182457511943187E-6 1.545255848009522E-4 
Dutch/CKTAUS_pharma6.nl,3.791918082087337E-6 2.049801467005201E-6 2.0345276123720016E-6 2.285794216882937E-6 3.04163468363222E-6 5.354010448396856E-7 1.5846622657995503E-6 0.006593615687585054 3.8116320481081524E-6 0.9314656323367885 2.9135928326242783E-6 0.03706926306539246 2.677960266444904E-6 0.021350196795115798 3.0318810917381285E-6 1.5463323969245584E-6 0.0034842443977809497 1.0025771597995633E-6 3.000090058550251E-6 3.739912110360309E-6 
Dutch/CKTAUS_pharma7.nl,4.51030151229055E-6 2.438138814285706E-6 2.419971309566642E-6 2.718840673772406E-6 3.617876023806418E-6 6.368334151599311E-7 1.884878433336594E-6 0.0178294736545926 4.53375031282687E-6 0.7508532804372853 3.465576490500123E-6 0.18360983141134588 3.1853030519455886E-6 0.047661636147681874 3.606274602225609E-6 1.8392869248149727E-6 1.7118972577359496E-6 1.1925166056179019E-6 3.568460719657336E-6 4.448442946822956E-6 
Dutch/CKTAUS_pharma8.nl,2.3375119143021213E-4 2.5168966047966632E-6 2.498142245661277E-6 2.806665814393192E-6 8.009980760166582E-5 6.57404677307791E-7 1.945764573174713E-6 0.3229492897330467 4.680201431719055E-6 0.365867274894627 3.577523007096829E-6 0.25116748158406005 3.288196057466499E-6 0.052637650407523134 3.7227660086963603E-6 1.8987003484745931E-6 0.007027353214084119 1.231037781055408E-6 3.6837306461105145E-6 4.592138431121486E-6 
Dutch/CKTAUS_pharma9.nl,4.5942473383738985E-6 2.483517504892832E-6 2.465011866195949E-6 2.769443793259405E-6 7.90375234080608E-5 6.486861720027726E-7 1.919959830161608E-6 0.017332440765769393 4.6181325684762505E-6 0.1889858136784686 3.5300778726266406E-6 0.18220463350431984 3.244587978971584E-6 0.037697982674940005 3.6733946605503757E-6 1.8735197715297994E-6 0.5736588904475423 1.2147117496241095E-6 3.6348769852088342E-6 4.531237459992E-6 
Dutch/CKTAUS_software10.nl,3.6478550819038268E-6 1.971925167273859E-6 1.957231598732076E-6 2.1989520526911926E-6 2.9260765390467045E-6 5.150600250309104E-7 1.5244575896049066E-6 0.26947592298563494 3.6668200725963275E-6 0.3213492673697775 2.802899269183696E-6 0.292571404785822 2.576218883323063E-6 0.04746260596259123 9.003683058020384E-4 1.4875839536408673E-6 0.0682077070878 9.644871297858662E-7 2.8861102822736607E-6 3.5978249272045576E-6 
Dutch/CKTAUS_software11.nl,3.7483247595225074E-6 2.0262361750841716E-6 2.0111379144531154E-6 2.259515863169518E-6 3.0066669024150258E-6 5.292458721951344E-7 1.245223558614768E-4 0.25402806278350964 0.0013562828382744675 0.31790431764633686 2.8800970688905723E-6 0.2831697033159478 2.6471734236957415E-6 0.0548561445672746 2.9970254414975007E-6 1.5285551756048215E-6 0.08311961884173388 9.91051154074457E-7 0.005413025704642531 3.696916668090284E-6 
Dutch/CKTAUS_software12.nl,3.597913931975623E-6 1.9449284231009444E-6 6.0941436302316424E-5 1.792018480391994E-4 2.8860169358396423E-6 5.080085689410845E-7 1.5035869236019378E-6 0.2596495048018456 3.6166192814756155E-6 0.3213166325145322 2.764526030803047E-6 0.29971901978937154 2.5409490245673914E-6 0.04693083868503941 2.8767623624541225E-6 1.4672181080709288E-6 0.06585764191577606 9.512827685184991E-7 0.006258012628016549 3.548568717714136E-6 
Dutch/CKTAUS_software13.nl,3.6837804416075592E-6 1.9913453797967157E-6 1.9765071038245816E-6 2.220608105821177E-6 0.0012113416020816756 5.201325172908255E-7 1.5394709840600005E-6 0.2616772716143459 6.412226763179022E-5 0.2875373946846742 2.830503206894456E-6 0.3261457732662186 2.6015903928761854E-6 0.046479970347278736 0.0033864282019633197 1.5022342035614747E-6 0.07002740794718942 9.739857382254027E-7 0.0034468166529700666 3.633257572350488E-6 
Dutch/CKTAUS_software14.nl,3.489797306311581E-6 1.886483695895284E-6 1.8724267844319985E-6 2.8829232879293455E-4 0.0013192671059133725 4.927430085856232E-7 1.4584044240630576E-6 0.26346634622770687 6.331229816758321E-4 0.31526710620316556 2.6814525522091023E-6 0.2880223471993862 2.4645939922585122E-6 0.046837043769886885 8.613562813565504E-4 1.4231284844843232E-6 0.07607026907465443 9.226969032284716E-7 0.007214715165403599 3.4419349063028776E-6 
Dutch/CKTAUS_software1.nl,0.18124802686568042 2.5736968167457108E-6 0.06645581569648812 0.02389793219136159 3.819026197890671E-6 6.722406959730847E-7 1.9896757294568757E-6 0.31266756813014807 0.027335739302815992 0.11783775089851876 3.658258967671622E-6 0.1337683393745677 3.362402615112997E-6 0.10903407970550649 8.627796034272384E-4 5.485606189933734E-4 0.026317610856932197 1.258819298479673E-6 3.7668634538164485E-6 4.6957717848675135E-6 
Dutch/CKTAUS_software2.nl,3.6006761655045825E-6 1.7911533635431702E-4 1.931918075059324E-6 2.1705122784319255E-6 2.8882326232896603E-6 5.083985833573987E-7 1.5047412753436977E-6 0.2519353011673727 3.6193958756992824E-6 0.3230987814916598 2.7666484458019443E-6 0.30012629257580187 2.542899792352207E-6 0.05405362557989075 2.8789709448723397E-6 1.4683445383105161E-6 0.06720744164069059 9.520130987066036E-7 2.8487832633353633E-6 0.0033697606732698096 
Dutch/CKTAUS_software3.nl,3.71136171664614E-6 2.0062550209893955E-6 1.991305647578863E-6 2.2372342875088202E-6 2.9770175084166576E-6 5.240268639391419E-7 1.5509973421853898E-6 0.2523143692053889 6.460236516411713E-5 0.334552699460584 2.851695807453699E-6 0.288777601240469 2.6210690728086774E-6 0.05480216990233299 2.967471124034958E-6 1.5134817617147264E-6 0.06209055111266774 9.81278183840844E-7 0.007368413058484567 3.6604605715458676E-6 
Dutch/CKTAUS_software4.nl,3.5115042843799955E-6 1.8982178616988854E-6 1.8840735144787173E-6 2.116758857136771E-6 2.8167046312387426E-6 4.95807932058797E-7 1.4674758829672067E-6 0.26452920246176864 3.5297603950463175E-6 0.3548368304989398 2.698131524262014E-6 0.26792825479634136 2.4799240767997387E-6 0.04948972010431195 0.001442651594681672 1.431980522608534E-6 0.05627043328688881 9.284361939907032E-7 0.0054741851372168875 3.4633441742248E-6 
Dutch/CKTAUS_software5.nl,3.596640483859921E-6 1.944240033805814E-6 1.929752757781086E-6 2.1680795418683047E-6 2.8849954570332247E-6 5.078287640410481E-7 1.5030547430187286E-6 0.2606194263287224 3.615339212775729E-6 0.29813777095469746 2.7635475525705783E-6 0.32061341757986545 1.795103913521126E-4 0.04538048499076116 0.002244500072014422 1.19446926581744E-4 0.06748605540593881 9.509460708453548E-7 0.005193975612713927 3.54731273487729E-6 
Dutch/CKTAUS_software6.nl,3.5784862868885428E-6 1.934426398917439E-6 1.9200122480392784E-6 2.1571360674706493E-6 2.870433318831326E-6 5.052654765922457E-7 1.4954680097919921E-6 0.246215542601664 9.426748308431137E-4 0.3102495350125626 2.749598427870938E-6 0.3058480192522436 2.5272286697265097E-6 0.048790351291365386 2.8612287173380095E-6 1.459295574845325E-6 0.08522266314829643 9.461461298012732E-7 0.0017636019899670025 9.426071477317777E-4 
Dutch/CKTAUS_software7.nl,3.6324247680379735E-6 1.9635839849714274E-6 1.9489525697688858E-6 2.18965055370421E-6 2.913699326032684E-6 5.128813370985397E-7 1.5180091812787432E-6 0.2603527264383547 3.651309537408004E-6 0.3141514211920345 2.7910430922011107E-6 0.31498591692798283 2.56532155734265E-6 0.040708367532732104 2.904355983690771E-6 1.481291519651273E-6 0.06392752972699633 9.604073791384242E-7 0.005841422644869879 3.5826062393415013E-6 
Dutch/CKTAUS_software8.nl,3.634806828907886E-6 1.9648716583229977E-6 1.9502306481738706E-6 2.191086476327758E-6 2.9156100632383943E-6 5.132176729188327E-7 1.5190046568912622E-6 0.25760227102179495 3.6537039824766344E-6 0.3209748212836313 2.7928733942612307E-6 0.3033884902168183 2.567003836396096E-6 0.043596635814029644 8.375316218980046E-4 1.4822629166632477E-6 0.06891758800569675 9.61037192275134E-7 0.004652931371173836 3.5849556303626535E-6 
Dutch/CKTAUS_software9.nl,3.6413192662111407E-6 1.9683920939571566E-6 1.953724851695804E-6 2.1950122181827607E-6 2.920833924816558E-6 5.141371985154132E-7 1.5217262382728866E-6 0.25943744068894664 3.660250277570308E-6 0.30649973431907407 2.797877350105982E-6 0.30859045455757805 2.571603104618217E-6 0.04767618236655708 0.0038251777487573746 1.4849186683348185E-6 0.0737591767148747 9.62759070425855E-7 6.260384991653797E-5 1.230372000328236E-4 
Dutch/CKTAUS_undef1.nl,5.045118706367283E-6 2.7272455526872452E-6 2.706923803097689E-6 3.0412321450135816E-6 0.5724495566171164 7.123470940707606E-7 8.485563626726774E-5 1.5474346577904971E-6 0.04750199568935505 2.4342289869661845E-6 0.006127173379825794 3.01388329499926E-6 3.5630061469345624E-6 0.36378090179661526 4.033895163417979E-6 2.057383712701777E-6 1.914888584465464E-6 1.3339214281488418E-6 8.673885238115273E-5 0.00993464651916253 
Dutch/CKTAUS_undef2.nl,3.3449075900166117E-4 1.818915904006138E-6 1.805362466000069E-6 2.0283268996036287E-6 0.07621685634831643 4.7509453532747256E-7 7.188457383012985E-4 1.0320499034977103E-6 0.005135834600439246 1.6234907098932933E-6 0.02014608100951482 2.0100867898348868E-6 5.756397931739257E-5 0.09344869294734799 0.0252234506178959 1.372156589269762E-6 1.2771205354985717E-6 8.896488612709642E-7 0.01109538165956381 0.7676084700871074 
Dutch/CKTAUS_undef3.nl,2.710029483063415E-6 1.4649637175054325E-6 1.4540477126023914E-6 1.6336243520742633E-6 5.355547227016745E-4 3.8264344992911865E-7 0.005868322545461272 8.312180128554346E-7 2.7241187719108974E-6 1.3075673154885926E-6 0.016892477786531458 1.6189336789344716E-6 1.9138998046453304E-6 0.06104054096301841 0.04222815555071973 1.1051415920817756E-6 1.0285990920557715E-6 7.16527520712463E-7 0.019114960063215218 0.8543010970538484 
Dutch/CKTAUS_undef4.nl,2.7007859687977394E-6 1.4599669404939322E-6 1.449088168487314E-6 1.62805229830233E-6 2.1663981388649743E-6 3.8133830907726005E-7 0.007354397828287361 8.283828497667177E-7 2.7148272011413094E-6 1.3031073945875154E-6 0.028086247759489612 1.6134117329003281E-6 1.9073717722907464E-6 0.051264231341085674 0.03619264680230002 1.1013721157215212E-6 1.0250906909699165E-6 7.140835501206862E-7 0.012892506231785917 0.8641889767599199 
Dutch/CKTAUS_undef5.nl,4.8976029030017715E-6 2.6475027672158287E-6 2.6277752116167357E-6 2.9523086073916635E-6 3.928544481696145E-6 6.915185546502085E-7 2.0467336965742202E-6 1.5021887319787801E-6 4.923065261397466E-6 2.363053804480441E-6 0.002654579975869481 2.9257594189543613E-6 3.4588262961219417E-6 0.04685436515577816 0.0066711218602429805 0.7439979149371705 1.8588985583960347E-6 1.294918482420032E-6 8.420266795483594E-5 0.19969969670620813 
